Date,Open,High,Low,Close,Volume,Dividends,Stock Splits
2014-01-01 00:00:00+05:30,204.01637073396142,204.3066563331277,198.01710865222765,200.15969848632812,18118,0.0,0.0
2014-01-02 00:00:00+05:30,199.06769315659582,202.2746770189778,198.52859504310774,201.1688232421875,95881,0.0,0.0
2014-01-03 00:00:00+05:30,202.91049084443182,207.62420368969467,196.96651825937772,204.3342742919922,13034,0.0,0.0
2014-01-06 00:00:00+05:30,199.9661643403989,208.71624454600487,199.9661643403989,204.417236328125,35718,0.0,0.0
2014-01-07 00:00:00+05:30,202.39908496114555,205.9516432150442,202.39908496114555,204.04403686523438,38906,0.0,0.0
2014-01-08 00:00:00+05:30,204.5692751625862,213.153475515168,202.16404435703237,208.75770568847656,361190,0.0,0.0
2014-01-09 00:00:00+05:30,208.81300428820427,212.84937124391178,205.965424019472,207.95596313476562,109453,0.0,0.0
2014-01-10 00:00:00+05:30,208.7162693893264,212.32411623436803,202.66171817365208,205.7719268798828,109193,0.0,0.0
2014-01-13 00:00:00+05:30,208.14945505131251,209.83589273795047,199.49615129987117,206.21421813964844,36925,0.0,0.0
2014-01-14 00:00:00+05:30,207.2924272497796,208.1771126307657,203.4772289596092,204.01632690429688,7278,0.0,0.0
2014-01-15 00:00:00+05:30,203.21461717798047,207.3477459611897,200.7679131428633,202.27464294433594,27162,0.0,0.0
2014-01-16 00:00:00+05:30,206.794819041937,206.794819041937,201.83229347742028,203.5325469970703,16303,0.0,0.0
2014-01-17 00:00:00+05:30,201.85997113870567,204.03021872430904,196.56569917014247,198.4041748046875,15065,0.0,0.0
2014-01-20 00:00:00+05:30,197.6853615331566,202.91052899086228,196.42745719617608,200.61587524414062,13740,0.0,0.0
2014-01-21 00:00:00+05:30,201.265594164725,203.18701617697494,199.3165146014178,201.87380981445312,60971,0.0,0.0
2014-01-22 00:00:00+05:30,202.1502355350053,202.64787363510465,199.3717858041187,199.84176635742188,8212,0.0,0.0
2014-01-23 00:00:00+05:30,200.02145681851985,203.4772524841614,199.45470126715398,202.37139892578125,31590,0.0,0.0
2014-01-24 00:00:00+05:30,201.38998732644487,202.92436171799554,200.43618417865574,202.1917266845703,11537,0.0,0.0
2014-01-27 00:00:00+05:30,199.7588243680688,202.9243346021376,198.10004395776977,202.38522338867188,28537,0.0,0.0
2014-01-28 00:00:00+05:30,202.3852002998722,203.2007682306042,200.85082628839967,202.20550537109375,4943,0.0,0.0
2014-01-29 00:00:00+05:30,199.05381249328178,203.20076966664462,199.05381249328178,202.7307891845703,114587,0.0,0.0
2014-01-30 00:00:00+05:30,200.32554806038073,202.92431565844524,199.88321193205388,201.5419921875,14115,0.0,0.0
2014-01-31 00:00:00+05:30,204.5831398831176,204.5831398831176,200.6020611413038,203.13169860839844,12856,0.0,0.0
2014-02-03 00:00:00+05:30,207.32012113511746,207.32012113511746,200.43617331672738,200.87850952148438,7575,0.0,0.0
2014-02-04 00:00:00+05:30,200.87852260548587,201.80468139696606,197.72684068856722,201.2102813720703,36571,0.0,0.0
2014-02-05 00:00:00+05:30,202.64786336431575,204.58311375585208,200.1735149454398,200.60203552246094,15931,0.0,0.0
2014-02-06 00:00:00+05:30,200.72644763095224,202.92433930566128,199.05383840910216,200.50527954101562,6809,0.0,0.0
2014-02-07 00:00:00+05:30,206.51837903139335,206.51837903139335,199.93854526188014,201.09970092773438,4109,0.0,0.0
2014-02-10 00:00:00+05:30,201.81847549441687,203.2007858739151,200.56055815249312,201.2655487060547,3215,0.0,0.0
2014-02-11 00:00:00+05:30,204.58310249089408,204.58310249089408,197.86503498981526,199.93850708007812,4456,0.0,0.0
2014-02-12 00:00:00+05:30,202.8967205851646,203.75374868983553,197.74067045102132,198.4041748046875,25537,0.0,0.0
2014-02-13 00:00:00+05:30,200.21890906704513,203.24808731058656,197.18973082350368,197.97145080566406,6587,2.24,0.0
2014-02-14 00:00:00+05:30,198.4320696489983,204.08560002944887,198.22267470429,200.0653076171875,6990,0.0,0.0
2014-02-17 00:00:00+05:30,196.98028027792972,202.13127035056993,196.98028027792972,200.65158081054688,6581,0.0,0.0
2014-02-18 00:00:00+05:30,201.0145055908741,204.9231306660251,199.91172435862677,200.93075561523438,5209,0.0,0.0
2014-02-19 00:00:00+05:30,198.9206572721152,203.77850314879043,198.9206572721152,202.3546600341797,3631,0.0,0.0
2014-02-20 00:00:00+05:30,203.80642098376387,203.80642098376387,200.45616841695258,201.01454162597656,46590,0.0,0.0
2014-02-21 00:00:00+05:30,203.02472599126705,209.6693857337146,201.32168938062728,208.51075744628906,61828,0.0,0.0
2014-02-24 00:00:00+05:30,208.21757767473844,213.2987699891103,205.8305231702882,210.800048828125,119918,0.0,0.0
2014-02-25 00:00:00+05:30,210.78613829691514,213.57800494526649,209.39019831640434,210.86988830566406,121256,0.0,0.0
2014-02-26 00:00:00+05:30,210.52087569176194,214.10842674615154,209.948537464148,212.41934204101562,85053,0.0,0.0
2014-02-28 00:00:00+05:30,210.80005420477676,214.97389513425452,210.80005420477676,213.27085876464844,39637,0.0,0.0
2014-03-03 00:00:00+05:30,214.97391171920208,220.27846451651604,213.29879188520857,217.82162475585938,42765,0.0,0.0
2014-03-04 00:00:00+05:30,220.26450124590946,223.90789900729695,216.3838051711814,221.6743927001953,297378,0.0,0.0
2014-03-05 00:00:00+05:30,223.9078997034357,229.7707988630485,221.10205514990304,224.21499633789062,130284,0.0,0.0
2014-03-06 00:00:00+05:30,223.08433689802462,237.58810642718592,223.08433689802462,236.3038330078125,130215,0.0,0.0
2014-03-07 00:00:00+05:30,237.3228140673252,239.6819520794951,233.17690291909418,237.1692657470703,108543,0.0,0.0
2014-03-10 00:00:00+05:30,232.84186095986504,238.95604976577582,232.84186095986504,237.33677673339844,191334,0.0,0.0
2014-03-11 00:00:00+05:30,236.19209749423024,241.1895397914873,235.91290422893795,236.91798400878906,68425,0.0,0.0
2014-03-12 00:00:00+05:30,233.40023172667998,242.87863862197875,230.88757206827123,232.36724853515625,756456,0.0,0.0
2014-03-13 00:00:00+05:30,232.36722487235113,238.69082159253395,227.99795429903023,229.47763061523438,54771,0.0,0.0
2014-03-14 00:00:00+05:30,231.72515546808702,235.74544872062353,224.31274061576474,227.60714721679688,340887,0.0,0.0
2014-03-18 00:00:00+05:30,231.7251143513828,233.94465557229503,226.49036038241485,231.13882446289062,549078,0.0,0.0
2014-03-19 00:00:00+05:30,228.93320482290378,235.91287586400043,227.53726528961803,228.8494415283203,59256,0.0,0.0
2014-03-20 00:00:00+05:30,230.88753309523824,233.9585787984691,230.2872649785832,232.29742431640625,62684,0.0,0.0
2014-03-21 00:00:00+05:30,232.56265206667808,241.49662305952992,231.16671244271154,232.77203369140625,165553,0.0,0.0
2014-03-24 00:00:00+05:30,237.02965928058052,251.26819682402248,233.67941985130057,244.777099609375,104384,0.0,0.0
2014-03-25 00:00:00+05:30,245.39131241326842,261.0397409334531,245.05628581746885,256.55877685546875,128709,0.0,0.0
2014-03-26 00:00:00+05:30,256.8658227075864,275.5573902473144,256.85187103457497,266.1767272949219,442340,0.0,0.0
2014-03-27 00:00:00+05:30,266.63748522868093,270.81132700785633,260.76060673320063,263.87353515625,104184,0.0,0.0
2014-03-28 00:00:00+05:30,265.227570418146,273.6031832301027,261.3887556450565,270.8392333984375,81875,0.0,0.0
2014-03-31 00:00:00+05:30,272.27706130812606,276.1159031714044,268.0892677077128,270.9369812011719,317018,0.0,0.0
2014-04-01 00:00:00+05:30,275.9203674653314,275.9203674653314,260.4952741492248,263.5523681640625,227946,0.0,0.0
2014-04-02 00:00:00+05:30,267.18180374672414,269.3734413673742,253.50165464978753,263.76177978515625,295321,0.0,0.0
2014-04-03 00:00:00+05:30,263.83151660877905,266.5256802633932,259.11326892060924,260.1043701171875,81621,0.0,0.0
2014-04-04 00:00:00+05:30,255.45603051740105,259.6298987677577,241.10582400720273,254.00425720214844,4227750,0.0,0.0
2014-04-07 00:00:00+05:30,254.63236457267308,263.4686472150214,245.75422690565048,252.1197052001953,447825,0.0,0.0
2014-04-09 00:00:00+05:30,252.11978316164615,256.8519850705227,249.8723114184686,255.76316833496094,406321,0.0,0.0
2014-04-10 00:00:00+05:30,255.76315945633127,263.8316495638554,254.36721944931108,261.02581787109375,447481,0.0,0.0
2014-04-11 00:00:00+05:30,261.0257173004977,262.99399488082605,257.20085540260027,258.8341064453125,358959,0.0,0.0
2014-04-15 00:00:00+05:30,262.15652271318436,262.43568939286604,245.96368377672837,254.47886657714844,353681,0.0,0.0
2014-04-16 00:00:00+05:30,253.08294060636777,258.3875071923542,251.5474305949216,254.49285888671875,428562,0.0,0.0
2014-04-17 00:00:00+05:30,254.50685450218623,261.0258572440547,254.06016108765633,258.7784118652344,351250,0.0,0.0
2014-04-21 00:00:00+05:30,259.93697882775547,263.83162688347664,254.50679423378094,260.3697204589844,612265,0.0,0.0
2014-04-22 00:00:00+05:30,260.74653410151996,269.95969673590423,258.52699341566165,262.28204345703125,502131,0.0,0.0
2014-04-23 00:00:00+05:30,263.2733150764582,270.33672586911,261.1096065244079,268.033447265625,756290,0.0,0.0
2014-04-24 00:00:00+05:30,268.033447265625,268.033447265625,268.033447265625,268.033447265625,0,0.0,0.0
2014-04-25 00:00:00+05:30,268.8569721177194,291.5827880651473,263.8455513685991,286.30615234375,488837,0.0,0.0
2014-04-28 00:00:00+05:30,289.4190871137948,295.100534581374,274.99909764631207,276.8556823730469,293600,0.0,0.0
2014-04-29 00:00:00+05:30,277.2325780172177,287.2832960271583,276.14373492323955,277.3163146972656,273696,0.0,0.0
2014-04-30 00:00:00+05:30,281.1691151097339,281.6437383530756,260.3975986908048,268.50799560546875,295618,0.0,0.0
2014-05-02 00:00:00+05:30,268.0194575339023,273.6031906855795,263.0219877409109,268.4801025390625,141278,0.0,0.0
2014-05-05 00:00:00+05:30,266.0790833184279,280.5828364203548,263.85954195229056,271.3277893066406,260390,0.0,0.0
2014-05-06 00:00:00+05:30,272.7516750656961,278.60065019630656,269.79229499043913,272.1374816894531,233556,0.0,0.0
2014-05-07 00:00:00+05:30,272.4864006770277,276.394999948306,268.9407313557957,272.9749755859375,98984,0.0,0.0
2014-05-08 00:00:00+05:30,277.6374649962079,278.90776009628775,271.66287122168643,277.69329833984375,82453,0.0,0.0
2014-05-09 00:00:00+05:30,278.89364189778263,290.3542475655534,276.3949082282609,285.161376953125,428950,0.0,0.0
2014-05-12 00:00:00+05:30,280.5828389477677,299.288363319308,280.5828389477677,288.58154296875,217481,0.0,0.0
2014-05-13 00:00:00+05:30,287.8695399327379,302.61060130952694,287.8695399327379,294.01165771484375,315409,0.0,0.0
2014-05-14 00:00:00+05:30,293.146223385491,303.4761347287966,288.40004430541336,297.9761657714844,343000,0.0,0.0
2014-05-15 00:00:00+05:30,297.1386114581997,303.3923974546719,292.0295019896729,296.3987731933594,166090,0.0,0.0
2014-05-16 00:00:00+05:30,299.0091008919459,318.27298076228874,279.4939311442176,301.1029968261719,826987,0.0,0.0
2014-05-19 00:00:00+05:30,298.72999073669854,331.67405489726343,298.72999073669854,328.0306701660156,3317228,0.0,0.0
2014-05-20 00:00:00+05:30,333.48868133942835,347.5876203552356,323.8707059301774,326.5927734375,506187,0.0,0.0
2014-05-21 00:00:00+05:30,327.62581152319876,337.8161534205373,322.46086887863345,323.9684753417969,364312,0.0,0.0
2014-05-22 00:00:00+05:30,325.37832512967896,345.3401898140683,322.6562575136865,333.432861328125,663312,0.0,0.0
2014-05-23 00:00:00+05:30,337.8021621530859,340.1054667273681,329.99888852848574,334.70318603515625,301859,0.0,0.0
2014-05-26 00:00:00+05:30,336.97860952225847,338.70957612313407,322.4609032860739,326.81622314453125,1044321,0.0,0.0
2014-05-27 00:00:00+05:30,326.9418380836341,328.57508966983187,315.76042018675906,323.2286682128906,319834,0.0,0.0
2014-05-28 00:00:00+05:30,323.85678921671786,335.02425368956926,314.0852378339712,316.3047790527344,111037,0.0,0.0
2014-05-29 00:00:00+05:30,314.0991381148121,324.9455525173254,312.521746995976,316.6955871582031,144221,0.0,0.0
2014-05-30 00:00:00+05:30,314.72734722259287,328.0445673247308,307.66393890088676,312.0052795410156,141959,0.0,0.0
2014-06-02 00:00:00+05:30,310.69310795203086,330.55725844488967,310.69310795203086,322.1537170410156,309346,0.0,0.0
2014-06-03 00:00:00+05:30,322.7399982691657,333.3490747428986,322.7399982691657,326.4112854003906,651053,0.0,0.0
2014-06-04 00:00:00+05:30,326.6905148647128,329.9988724645904,319.6689614494497,322.47479248046875,67381,0.0,0.0
2014-06-05 00:00:00+05:30,322.4609169102613,335.02432372487596,322.4609169102613,332.16265869140625,326731,0.0,0.0
2014-06-06 00:00:00+05:30,336.1270862438421,336.1270862438421,326.66263041700057,330.79461669921875,209353,0.0,0.0
2014-06-09 00:00:00+05:30,334.74501154295297,336.4340959557205,331.1295577620027,332.5673522949219,637890,0.0,0.0
2014-06-10 00:00:00+05:30,333.6283499800942,334.4659032496149,318.5801879819933,324.86187744140625,633896,0.0,0.0
2014-06-11 00:00:00+05:30,329.4405658533441,340.60803183128564,323.85683286437336,327.905029296875,864990,0.0,0.0
2014-06-12 00:00:00+05:30,330.73871282656665,337.25771256588973,323.85675655018525,326.69049072265625,721434,0.0,0.0
2014-06-13 00:00:00+05:30,328.1144104951588,333.34916515709733,315.7604129232822,323.1448974609375,2777915,0.0,0.0
2014-06-16 00:00:00+05:30,326.6486967778823,326.6486967778823,318.9710669939746,322.7819519042969,297112,0.0,0.0
2014-06-17 00:00:00+05:30,323.0192263987287,328.3237922712837,321.6512165882991,325.4621276855469,213203,0.0,0.0
2014-06-18 00:00:00+05:30,323.87081652152347,333.34919854832566,323.87081652152347,329.5941467285156,249743,0.0,0.0
2014-06-19 00:00:00+05:30,333.6143404248186,333.6143404248186,324.5826544573813,326.64862060546875,358431,0.0,0.0
2014-06-20 00:00:00+05:30,331.6740166955199,332.0648766235697,321.62329859880805,323.1727600097656,130090,0.0,0.0
2014-06-23 00:00:00+05:30,329.1614059159795,331.59032934677805,325.30863908188786,328.3238525390625,88743,0.0,0.0
2014-06-24 00:00:00+05:30,330.8365223624251,334.7451223382174,325.2527624678525,326.46722412109375,168378,0.0,0.0
2014-06-25 00:00:00+05:30,327.779347626578,330.41765196814697,324.69432343191744,327.8072509765625,180250,0.0,0.0
2014-06-26 00:00:00+05:30,329.1613637088658,329.1613637088658,321.70706772171775,324.86187744140625,134193,0.0,0.0
2014-06-27 00:00:00+05:30,325.44814431281,326.59282077940406,323.0192213657149,324.4151611328125,83403,0.0,0.0
2014-06-30 00:00:00+05:30,325.2248923656759,334.3263931690999,324.6944356539585,331.9672546386719,182125,0.0,0.0
2014-07-01 00:00:00+05:30,334.98244231833024,360.8491209450577,334.9545389608617,348.8859558105469,945834,0.0,0.0
2014-07-02 00:00:00+05:30,352.0546857431934,362.9429848745518,351.7755190670088,360.2209167480469,247465,0.0,0.0
2014-07-03 00:00:00+05:30,361.54706700621114,367.8287835462729,349.5420471884734,357.17779541015625,271818,0.0,0.0
2014-07-04 00:00:00+05:30,357.6663383607908,362.3845878696107,351.27295571625314,354.74884033203125,181590,0.0,0.0
2014-07-07 00:00:00+05:30,356.8008580196234,379.6942023916193,356.78690634243617,375.1713562011719,687412,0.0,0.0
2014-07-08 00:00:00+05:30,383.88201107675474,393.653563827026,343.41386509330624,353.4227294921875,3406121,0.0,0.0
2014-07-09 00:00:00+05:30,346.75020168246374,355.9633691057619,335.0243473936582,352.0826721191406,399078,0.0,0.0
2014-07-10 00:00:00+05:30,352.40370584891014,376.87441668563383,342.0039812349826,363.5572204589844,457803,0.0,0.0
2014-07-11 00:00:00+05:30,363.9201476643049,374.082560546013,338.6258087597942,349.90496826171875,228109,0.0,0.0
2014-07-14 00:00:00+05:30,353.1713644268291,353.1713644268291,339.2120215384116,346.47088623046875,102575,0.0,0.0
2014-07-15 00:00:00+05:30,349.5140587157069,362.04955971604033,338.8491206860313,352.51531982421875,278437,0.0,0.0
2014-07-16 00:00:00+05:30,353.74373216017614,368.52667772744434,352.3617707309012,363.2081604003906,258762,0.0,0.0
2014-07-17 00:00:00+05:30,360.44428250585514,371.01150762830036,354.5674040945438,367.20062255859375,204862,0.0,0.0
2014-07-18 00:00:00+05:30,361.560960177721,368.5266805832515,357.3592159028308,363.626953125,278328,0.0,0.0
2014-07-21 00:00:00+05:30,371.2626863578781,379.680152293577,363.8781768454704,366.9492492675781,189387,0.0,0.0
2014-07-22 00:00:00+05:30,364.65995419148436,376.53938093997175,359.3693665409068,369.7132568359375,121637,0.0,0.0
2014-07-23 00:00:00+05:30,369.6433908804519,371.83500194854423,364.35280400735405,365.23223876953125,51850,0.0,0.0
2014-07-24 00:00:00+05:30,371.3185978914744,376.90233080048796,368.9734114319516,371.011474609375,151575,0.0,0.0
2014-07-25 00:00:00+05:30,371.03942490280633,372.2818165260307,364.6181383622323,367.13079833984375,48043,0.0,0.0
2014-07-28 00:00:00+05:30,364.618088195939,365.62314139856636,351.21710369909636,353.1155700683594,82350,0.0,0.0
2014-07-30 00:00:00+05:30,355.65625001086926,371.3186336444996,348.99762491137926,365.70697021484375,145200,0.0,0.0
2014-07-31 00:00:00+05:30,361.5609954817006,372.4353428998527,361.5609954817006,364.6739501953125,238640,0.0,0.0
2014-08-01 00:00:00+05:30,361.04445629955524,368.28934283918505,350.6587122209333,353.1295166015625,119531,0.0,0.0
2014-08-04 00:00:00+05:30,352.3338169531895,361.5469812771181,351.77545707388106,354.8185729980469,192762,0.0,0.0
2014-08-05 00:00:00+05:30,353.5064109426831,361.26780261846903,353.5064109426831,357.31732177734375,167740,0.0,0.0
2014-08-06 00:00:00+05:30,354.74875736849754,368.45683602003504,354.74875736849754,363.19415283203125,209003,0.0,0.0
2014-08-07 00:00:00+05:30,364.8972484739871,371.31856064423005,360.2069292761084,362.8871154785156,136212,0.0,0.0
2014-08-08 00:00:00+05:30,360.15113707259104,365.12067710445325,354.8884786610562,361.5889587402344,166140,0.0,0.0
2014-08-11 00:00:00+05:30,360.848939926644,367.1306268748791,360.848939926644,363.48724365234375,32443,0.0,0.0
2014-08-12 00:00:00+05:30,362.94302510263196,368.51280694627553,362.94302510263196,364.31103515625,26568,0.0,0.0
2014-08-13 00:00:00+05:30,357.63840801858623,365.7348265420191,357.63840801858623,362.049560546875,582625,0.0,0.0
2014-08-14 00:00:00+05:30,359.32747485608047,364.12948743295357,357.6663201075506,359.9975280761719,152421,0.0,0.0
2014-08-18 00:00:00+05:30,358.76913681263227,364.7297778993142,358.76913681263227,364.3668212890625,83503,0.0,0.0
2014-08-19 00:00:00+05:30,362.10543400689176,367.13078034108486,361.91000401959167,364.22723388671875,131315,0.0,0.0
2014-08-20 00:00:00+05:30,360.7094227633703,367.89847583870363,360.7094227633703,364.0596618652344,126725,0.0,0.0
2014-08-21 00:00:00+05:30,361.8820241961391,380.25252034814497,360.9886376987698,371.2906188964844,250403,0.0,0.0
2014-08-22 00:00:00+05:30,372.21192965725965,385.27788670174374,372.21192965725965,378.4098815917969,111450,0.0,0.0
2014-08-25 00:00:00+05:30,379.70811156529277,383.3375441280638,370.0203236141529,372.03045654296875,59981,0.0,0.0
2014-08-26 00:00:00+05:30,372.0304414629753,376.34387871124676,369.9225936395507,372.51904296875,20496,0.0,0.0
2014-08-27 00:00:00+05:30,374.74286563310943,375.30300549929655,369.0712992430199,371.5079650878906,61628,1.3568,0.0
2014-08-28 00:00:00+05:30,378.1038001175475,394.3202652375216,367.5449054631062,369.883544921875,234434,0.0,0.0
2014-09-01 00:00:00+05:30,375.2890059324365,375.3030020836554,368.8612467749617,371.29791259765625,129325,0.0,0.0
2014-09-02 00:00:00+05:30,372.5022335936786,378.285822317568,369.16930673999195,373.3984680175781,130168,0.0,0.0
2014-09-03 00:00:00+05:30,373.3704769660516,375.8911463080352,364.9681656954728,372.7823181152344,100259,0.0,0.0
2014-09-04 00:00:00+05:30,370.8218034779259,374.1827230209333,357.93826520795744,360.43096923828125,121912,0.0,0.0
2014-09-05 00:00:00+05:30,359.6187572452024,361.56529091785274,352.33675116398683,353.5550842285156,170006,0.0,0.0
2014-09-08 00:00:00+05:30,357.8541765289193,365.22018410011407,353.5689777521285,363.3436584472656,118009,0.0,0.0
2014-09-09 00:00:00+05:30,361.31319958518077,365.76640652887585,359.89881364389197,362.4054870605469,73637,0.0,0.0
2014-09-10 00:00:00+05:30,358.79245884509965,363.53974465236064,357.9102205988886,360.0668029785156,84984,0.0,0.0
2014-09-11 00:00:00+05:30,360.1928444497459,364.36596752992403,359.2545681927741,360.1648254394531,135856,0.0,0.0
2014-09-12 00:00:00+05:30,363.5257805657847,369.67348324131626,358.7784943398047,361.2991638183594,324125,0.0,0.0
2014-09-15 00:00:00+05:30,361.8454229860947,362.39156683820784,351.49657526479723,354.3953552246094,110303,0.0,0.0
2014-09-16 00:00:00+05:30,355.69766970691666,362.6995924441009,343.0942141220281,350.6142883300781,125803,0.0,0.0
2014-09-17 00:00:00+05:30,350.95036713042487,355.69765365109197,347.72946251694464,354.4233093261719,175984,0.0,0.0
2014-09-18 00:00:00+05:30,356.80388763600644,366.90066700782495,352.3646776775478,360.1087951660156,776662,0.0,0.0
2014-09-19 00:00:00+05:30,360.19289797895885,377.82372259722626,357.3921183622737,372.5863037109375,2795440,0.0,0.0
2014-09-22 00:00:00+05:30,374.1687237234824,389.30687104711603,372.23618632167825,385.0216979980469,557618,0.0,0.0
2014-09-23 00:00:00+05:30,385.02172852457153,396.3088248018353,366.550652525949,369.5474853515625,374709,0.0,0.0
2014-09-24 00:00:00+05:30,369.42147050674697,381.6048290964508,367.81103131395145,379.42022705078125,183334,0.0,0.0
2014-09-25 00:00:00+05:30,378.1037378628988,380.62443372228495,365.51428142578015,371.760009765625,131231,0.0,0.0
2014-09-26 00:00:00+05:30,370.82176066110316,379.49015902672943,362.0273435194157,373.3984680175781,110778,0.0,0.0
2014-09-29 00:00:00+05:30,374.74286593932555,380.9045647336934,373.94463123832514,378.6779479980469,59275,0.0,0.0
2014-09-30 00:00:00+05:30,378.9300531880424,403.01665767916484,375.9892584726504,379.1681213378906,244265,0.0,0.0
2014-10-01 00:00:00+05:30,379.4761936013705,384.54557875741375,375.87720579000023,378.95806884765625,67315,0.0,0.0
2014-10-07 00:00:00+05:30,375.58305212523805,382.26290167467084,365.78037838703847,366.7186279296875,65725,0.0,0.0
2014-10-08 00:00:00+05:30,364.099904878695,372.3621740877591,356.25776056016645,368.9732360839844,114653,0.0,0.0
2014-10-09 00:00:00+05:30,370.2616884449816,377.5436679221608,369.98160512003193,373.6086120605469,62365,0.0,0.0
2014-10-10 00:00:00+05:30,371.1158118530858,372.22212200327726,363.2736677548133,364.52001953125,86437,0.0,0.0
2014-10-13 00:00:00+05:30,363.147692612832,373.60858776673496,362.6995753481808,372.48828125,125937,0.0,0.0
2014-10-14 00:00:00+05:30,371.1019230696031,377.5436794793412,369.42144977867935,371.9141540527344,71484,0.0,0.0
2014-10-15 00:00:00+05:30,371.9141540527344,371.9141540527344,371.9141540527344,371.9141540527344,0,0.0,0.0
2014-10-16 00:00:00+05:30,370.5416885912232,373.39847930787556,356.53784500044,362.3774719238281,154006,0.0,0.0
2014-10-17 00:00:00+05:30,363.53979122030154,369.68749414109,361.85934483422517,365.2762756347656,152281,0.0,0.0
2014-10-20 00:00:00+05:30,366.06041752288195,386.5060405193984,364.46397506418214,365.8783874511719,863987,0.0,0.0
2014-10-21 00:00:00+05:30,368.0350414025627,370.48570352045954,365.5003489519911,366.4385986328125,74371,0.0,0.0
2014-10-22 00:00:00+05:30,367.7410008037677,373.60862106486303,367.47491362558776,369.5895080566406,249396,0.0,0.0
2014-10-27 00:00:00+05:30,372.95033486299434,376.9834430185597,369.0012570280184,375.6670837402344,108431,0.0,0.0
2014-10-28 00:00:00+05:30,375.8631756889493,388.4666299667622,375.8631756889493,386.197998046875,230931,0.0,0.0
2014-10-29 00:00:00+05:30,387.290332526675,391.2674299934281,381.6327886467847,385.63787841796875,119221,0.0,0.0
2014-10-30 00:00:00+05:30,378.10381737617973,385.0497285997837,365.57036961196224,370.891845703125,407681,0.0,0.0
2014-10-31 00:00:00+05:30,375.27510061772307,383.7054065587792,372.5163356777413,378.6080017089844,547606,0.0,0.0
2014-11-03 00:00:00+05:30,379.7422480348887,383.7053224475566,375.30301065756663,379.9803161621094,92840,0.0,0.0
2014-11-05 00:00:00+05:30,378.3838078294209,382.3048663972604,373.93057507285096,376.56329345703125,41546,0.0,0.0
2014-11-07 00:00:00+05:30,375.31701875787684,376.42330231059907,369.78549415341854,372.418212890625,289968,0.0,0.0
2014-11-10 00:00:00+05:30,374.0425700437655,377.93566273588425,368.67910720757817,373.0483093261719,47568,0.0,0.0
2014-11-11 00:00:00+05:30,371.1018552219959,378.38386030095387,371.1018552219959,375.28900146484375,104375,0.0,0.0
2014-11-12 00:00:00+05:30,374.0987818922663,376.98356563879975,369.7715929173568,372.3202819824219,72553,0.0,0.0
2014-11-13 00:00:00+05:30,373.60863914487976,377.7117559830007,365.78048860349105,366.7747497558594,43615,0.0,0.0
2014-11-14 00:00:00+05:30,366.6346276939108,382.0248649213435,366.6346276939108,376.14324951171875,83243,0.0,0.0
2014-11-17 00:00:00+05:30,376.14321982595783,381.96879675088167,373.0203422069828,379.5601501464844,399653,0.0,0.0
2014-11-18 00:00:00+05:30,381.1846042000554,414.4857471292573,380.0503016561159,398.227294921875,1119746,0.0,0.0
2014-11-19 00:00:00+05:30,399.1095169049766,421.43164024312335,397.7231234432504,415.9001159667969,962771,0.0,0.0
2014-11-20 00:00:00+05:30,415.1440318044949,417.58069807989483,400.93010958437213,403.2127380371094,310943,0.0,0.0
2014-11-21 00:00:00+05:30,403.45075633805976,407.777944542697,392.96189572717003,403.3247375488281,272203,0.0,0.0
2014-11-24 00:00:00+05:30,405.55128923979356,418.43482614714674,401.9103134859473,412.707275390625,228743,0.0,0.0
2014-11-25 00:00:00+05:30,413.9536071399652,414.5137737018936,396.1127081377621,405.8173828125,499906,0.0,0.0
2014-11-26 00:00:00+05:30,405.92941257318665,410.0325552517929,399.1095474941708,404.220947265625,879756,0.0,0.0
2014-11-27 00:00:00+05:30,401.63025592198744,414.5137936541507,401.63025592198744,409.2203369140625,117465,0.0,0.0
2014-11-28 00:00:00+05:30,406.1115047966146,406.1115047966146,375.63912975828856,377.34759521484375,1492131,0.0,0.0
2014-12-01 00:00:00+05:30,381.74476673873176,382.31892943513606,361.3411570517716,368.34307861328125,730781,0.0,0.0
2014-12-02 00:00:00+05:30,369.6875086805707,376.74544254214373,364.66013876639613,370.96185302734375,308925,0.0,0.0
2014-12-03 00:00:00+05:30,372.5022572686455,380.3444024619249,369.99555721619714,376.6333923339844,294340,0.0,0.0
2014-12-04 00:00:00+05:30,377.82374975978144,385.10575591851057,369.99559981670166,379.4482116699219,178353,0.0,0.0
2014-12-05 00:00:00+05:30,381.1706615638593,384.76964936222635,372.5022886277648,376.0872802734375,205740,0.0,0.0
2014-12-08 00:00:00+05:30,373.6225897762684,377.7957402973481,371.1018933965443,373.31451416015625,148368,0.0,0.0
2014-12-09 00:00:00+05:30,369.7014894440126,376.9834949941892,369.57547065596384,374.630859375,273196,0.0,0.0
2014-12-10 00:00:00+05:30,372.2362235438865,377.76774915077243,365.78047102048214,374.6448974609375,248931,0.0,0.0
2014-12-11 00:00:00+05:30,372.2222087089825,375.0229884658857,364.38006278395494,369.29541015625,165115,0.0,0.0
2014-12-12 00:00:00+05:30,367.0127820163278,372.5022921791582,362.7276087520715,364.001953125,220931,0.0,0.0
2014-12-15 00:00:00+05:30,361.579279450788,369.42142529825145,358.52643542220557,362.22344970703125,153225,0.0,0.0
2014-12-16 00:00:00+05:30,360.36092629510114,361.55126696213733,348.75173262703674,351.98663330078125,479428,0.0,0.0
2014-12-17 00:00:00+05:30,350.3481595556616,361.29915964666844,336.12027048322085,355.9637145996094,537509,0.0,0.0
2014-12-18 00:00:00+05:30,359.2826186443497,374.74286348974755,359.2826186443497,372.5302429199219,427950,0.0,0.0
2014-12-19 00:00:00+05:30,375.02292305600156,377.2775319370209,371.28389421807367,374.7568359375,125484,0.0,0.0
2014-12-22 00:00:00+05:30,375.55504398427655,378.1037321040496,366.6205859952637,372.7122497558594,119109,0.0,0.0
2014-12-23 00:00:00+05:30,373.00635412709266,378.10375741811896,363.25969145759996,364.09991455078125,111500,0.0,0.0
2014-12-24 00:00:00+05:30,363.25968300916605,372.5022169498359,363.25968300916605,368.3570861816406,165478,0.0,0.0
2014-12-26 00:00:00+05:30,366.0604354913694,372.48822079983466,366.0604354913694,368.3570861816406,21993,0.0,0.0
2014-12-29 00:00:00+05:30,366.0604771122573,378.103791614659,366.0604771122573,372.026123046875,73415,0.0,0.0
2014-12-30 00:00:00+05:30,378.3839029793149,380.904599384052,372.57229441170267,376.8714904785156,127093,0.0,0.0
2014-12-31 00:00:00+05:30,380.6245345340455,386.5061508603413,371.81611955301975,378.9440612792969,236193,0.0,0.0
2015-01-01 00:00:00+05:30,377.1655360274291,385.11970377151,376.7033959300195,380.31640625,93812,0.0,0.0
2015-01-02 00:00:00+05:30,382.29091683884053,389.30683466866395,378.1037706663385,380.23236083984375,175303,0.0,0.0
2015-01-05 00:00:00+05:30,381.1986066010288,390.42711766630543,380.9045271902281,385.9458923339844,217253,0.0,0.0
2015-01-06 00:00:00+05:30,385.9179553592759,393.4940403763118,375.33104163228967,377.8797302246094,303137,0.0,0.0
2015-01-07 00:00:00+05:30,376.7034200687611,384.26550908750164,375.30303024563716,379.6302185058594,38475,0.0,0.0
2015-01-08 00:00:00+05:30,382.0249199829596,385.10575641863096,375.58313707719026,377.5016784667969,95531,0.0,0.0
2015-01-09 00:00:00+05:30,378.1037962137507,384.8256350693217,378.1037962137507,382.5150146484375,109725,0.0,0.0
2015-01-12 00:00:00+05:30,379.7842275459404,383.7052864256744,376.4793197986158,378.7479248046875,200003,0.0,0.0
2015-01-13 00:00:00+05:30,378.7059181610452,382.30490540529246,378.3838464373723,380.1903381347656,35609,0.0,0.0
2015-01-14 00:00:00+05:30,385.94591723521796,392.07959680784325,381.1846083348747,383.1031494140625,121581,0.0,0.0
2015-01-15 00:00:00+05:30,383.1872174303482,389.30687474381466,383.1872174303482,386.8702087402344,85015,0.0,0.0
2015-01-16 00:00:00+05:30,388.73272972766694,389.30686576936074,382.8651101309617,383.88739013671875,375606,0.0,0.0
2015-01-19 00:00:00+05:30,389.25083286185765,393.4520019979934,385.1057017507818,386.8001708984375,136246,0.0,0.0
2015-01-20 00:00:00+05:30,393.52197057768166,393.52197057768166,385.10566369613014,388.774658203125,84090,0.0,0.0
2015-01-21 00:00:00+05:30,390.1471429977464,399.10959554338143,387.76648820153514,390.7492980957031,201453,0.0,0.0
2015-01-22 00:00:00+05:30,392.107685478129,405.81745190604397,391.2814583557612,403.9129333496094,343275,0.0,0.0
2015-01-23 00:00:00+05:30,405.8173544970896,406.1114339085195,396.30873344043675,398.9554748535156,97281,0.0,0.0
2015-01-27 00:00:00+05:30,400.22986759218304,405.97144159780277,396.60286103370606,399.4876708984375,87968,0.0,0.0
2015-01-28 00:00:00+05:30,399.6838469969641,403.3108279626206,398.2554377762455,400.6501159667969,75762,0.0,0.0
2015-01-29 00:00:00+05:30,403.296760813439,403.8709236318594,386.5061576743305,389.572998046875,109393,0.0,0.0
2015-01-30 00:00:00+05:30,390.98728803368846,399.5436367514448,386.5200588074061,391.6874694824219,1603212,0.0,0.0
2015-02-02 00:00:00+05:30,392.1075758573566,396.01463837194177,389.11074384108997,391.39337158203125,428053,0.0,0.0
2015-02-03 00:00:00+05:30,392.6678279818567,394.8944181900839,384.19548142772913,390.73529052734375,301893,0.0,0.0
2015-02-04 00:00:00+05:30,391.5615354973139,393.50806919331035,387.15031662652643,389.5589904785156,31621,0.0,0.0
2015-02-05 00:00:00+05:30,389.30690134291353,392.93390829158074,381.19869473605957,383.55133056640625,371415,0.0,0.0
2015-02-06 00:00:00+05:30,383.13112235428133,389.0267602231436,376.14322385743964,381.3386535644531,1098003,0.0,0.0
2015-02-09 00:00:00+05:30,382.4589984915741,382.4589984915741,369.71547576259934,377.5576477050781,39512,0.0,0.0
2015-02-10 00:00:00+05:30,376.7033890926196,398.5493777222387,375.61110168073407,392.8778381347656,147675,0.0,0.0
2015-02-11 00:00:00+05:30,391.5614739362673,397.7091496882408,386.78616886293054,395.23046875,133000,0.0,0.0
2015-02-12 00:00:00+05:30,406.9517300575533,411.71303951585634,399.1095843010248,402.86260986328125,284621,0.0,0.0
2015-02-13 00:00:00+05:30,404.6971096049323,410.31263828490637,392.73782497063996,395.6086120605469,997062,0.0,0.0
2015-02-16 00:00:00+05:30,396.882938354285,402.6665274381743,392.9478562561836,395.0764465332031,281550,0.0,0.0
2015-02-18 00:00:00+05:30,396.0286905363546,397.7091367423735,388.7466857497105,395.9306640625,163528,0.0,0.0
2015-02-19 00:00:00+05:30,396.5188099471367,420.1152772046031,394.9223674064439,406.2654724121094,462984,0.0,0.0
2015-02-20 00:00:00+05:30,407.5119356036893,456.46938668064286,407.49793944983116,441.47125244140625,1910306,0.0,0.0
2015-02-23 00:00:00+05:30,443.6418110341772,462.1268820422322,437.20002848609516,449.1033020019531,1003046,0.0,0.0
2015-02-24 00:00:00+05:30,449.9187265459193,452.3932610916567,421.7988061367993,443.4652099609375,587228,2.048,0.0
2015-02-25 00:00:00+05:30,442.04518741687167,456.58316605117744,437.53192507079666,442.8747253417969,414828,0.0,0.0
2015-02-26 00:00:00+05:30,444.2947055706828,454.67096744342615,422.36117724649563,426.81817626953125,1176306,0.0,0.0
2015-02-27 00:00:00+05:30,426.86038939244037,442.8887350310949,424.06243893356657,437.1803894042969,392818,0.0,0.0
2015-03-02 00:00:00+05:30,433.3279255264367,435.8446701634454,427.7601831339885,433.3138732910156,150431,0.0,0.0
2015-03-03 00:00:00+05:30,426.29796115773485,436.9835334305817,426.29796115773485,428.37884521484375,133959,0.0,0.0
2015-03-04 00:00:00+05:30,430.2347455637376,433.707551747621,414.83907348177,417.8338623046875,235731,0.0,0.0
2015-03-05 00:00:00+05:30,419.26803268566783,421.37702147199917,406.6140731504324,416.7794189453125,95662,0.0,0.0
2015-03-09 00:00:00+05:30,421.7987966543209,464.72387393133477,421.7987966543209,451.015380859375,2707803,0.0,0.0
2015-03-10 00:00:00+05:30,453.8273819187601,487.88061708840485,453.01192312752534,471.54290771484375,1861565,0.0,0.0
2015-03-11 00:00:00+05:30,471.85218494751547,485.0685254633205,461.78526112748006,468.1262512207031,2661140,0.0,0.0
2015-03-12 00:00:00+05:30,469.60282112897687,469.60282112897687,459.1140570451514,460.0841979980469,1432578,0.0,0.0
2015-03-13 00:00:00+05:30,460.3232347228648,474.5518789285385,459.95766193656056,467.8312072753906,2242075,0.0,0.0
2015-03-16 00:00:00+05:30,466.2282949118408,473.5113764411449,463.41629204346305,468.632568359375,3669478,0.0,0.0
2015-03-17 00:00:00+05:30,469.588645429187,478.0387070313969,464.54115641102527,470.7837829589844,2579259,0.0,0.0
2015-03-18 00:00:00+05:30,472.40064785725434,498.84744358115523,467.6343108871576,471.3742980957031,1064996,0.0,0.0
2015-03-19 00:00:00+05:30,475.2126060782683,475.7187547919336,451.5778157043578,453.3212585449219,1110875,0.0,0.0
2015-03-20 00:00:00+05:30,454.1085868777619,459.6903819143747,436.4914535803632,453.2790222167969,1491421,0.0,0.0
2015-03-23 00:00:00+05:30,450.94518311518283,451.3107022196431,438.7270567303104,440.65325927734375,456093,0.0,0.0
2015-03-24 00:00:00+05:30,440.6392027159056,445.6304826933758,431.64083579119875,439.24725341796875,663990,0.0,0.0
2015-03-25 00:00:00+05:30,441.48271396742103,451.50745566212703,432.5124531234456,447.99249267578125,679921,0.0,0.0
2015-03-26 00:00:00+05:30,448.23146702675166,456.10503631035624,429.29272795017897,438.5019836425781,508031,0.0,0.0
2015-03-27 00:00:00+05:30,442.8888018026125,445.8695122367879,435.8588208216186,438.0943603515625,238065,0.0,0.0
2015-03-30 00:00:00+05:30,435.85882011609107,439.78154005746416,427.98524893895274,435.5354309082031,555893,0.0,0.0
2015-03-31 00:00:00+05:30,437.5179080982999,449.9187944410041,433.0468289225665,445.3914794921875,674846,0.0,0.0
2015-04-01 00:00:00+05:30,444.95561908238375,457.59555440091066,438.9520145206826,445.0962219238281,569625,0.0,0.0
2015-04-06 00:00:00+05:30,441.56718970495234,459.76079020258663,441.56718970495234,452.7870178222656,247843,0.0,0.0
2015-04-07 00:00:00+05:30,452.71661751330157,463.9786257051549,452.71661751330157,461.630615234375,279631,0.0,0.0
2015-04-08 00:00:00+05:30,463.9645163659195,475.2265231716573,456.1612361487205,471.3319091796875,302721,0.0,0.0
2015-04-09 00:00:00+05:30,472.40059544055737,482.25663067805016,472.40059544055737,476.4779968261719,340828,0.0,0.0
2015-04-10 00:00:00+05:30,474.86108985334386,479.444640060798,465.4690463713499,469.4480285644531,363487,0.0,0.0
2015-04-13 00:00:00+05:30,470.1791681737106,480.2882510786694,468.4778820507311,470.6712646484375,247803,0.0,0.0
2015-04-15 00:00:00+05:30,474.6643376904731,487.0371204194758,470.09489252286454,472.47100830078125,374703,0.0,0.0
2015-04-16 00:00:00+05:30,472.48493197989217,483.52199802842966,462.58674067064135,469.2933044433594,1026809,0.0,0.0
2015-04-17 00:00:00+05:30,473.53942957270243,476.63263775598875,466.8187600726557,472.6536560058594,238218,0.0,0.0
2015-04-20 00:00:00+05:30,473.8347659981282,476.3515111233214,447.10676542894663,452.8995056152344,581175,0.0,0.0
2015-04-21 00:00:00+05:30,453.85565219476405,465.3005057329824,452.44967715117707,460.5763244628906,332331,0.0,0.0
2015-04-22 00:00:00+05:30,462.5585259454468,463.458405291631,450.22795843515075,454.1085205078125,641884,0.0,0.0
2015-04-23 00:00:00+05:30,456.38631053930504,466.7766527984223,447.68320217765745,451.844970703125,609165,0.0,0.0
2015-04-24 00:00:00+05:30,454.1366979017645,456.9065439225971,427.4227792282334,437.6022033691406,2463375,0.0,0.0
2015-04-27 00:00:00+05:30,442.6075420595801,461.1666852915129,442.6075420595801,451.46533203125,813815,0.0,0.0
2015-04-28 00:00:00+05:30,449.35636857669914,470.85404084026555,449.35636857669914,465.3425598144531,602215,0.0,0.0
2015-04-29 00:00:00+05:30,465.1034810017736,469.5885578321491,453.50400381214297,461.7571716308594,402409,0.0,0.0
2015-04-30 00:00:00+05:30,462.2493765752393,466.79077068460896,453.0120137244071,461.3776550292969,342843,0.0,0.0
2015-05-04 00:00:00+05:30,459.77475535052645,487.88062313755,455.75361665588815,482.3972473144531,356084,0.0,0.0
2015-05-05 00:00:00+05:30,480.2882343430337,525.5613229783394,480.2882343430337,498.5943298339844,795265,0.0,0.0
2015-05-06 00:00:00+05:30,496.31666947805513,498.8474670389821,482.4535454844332,486.1653747558594,482490,0.0,0.0
2015-05-07 00:00:00+05:30,485.9121558254347,487.03692454781196,472.7098135390366,475.2687683105469,313925,0.0,0.0
2015-05-08 00:00:00+05:30,483.6345065695533,490.93164025910556,472.97706461838374,475.3531799316406,525506,0.0,0.0
2015-05-11 00:00:00+05:30,475.5359271336812,482.1160207432643,475.5359271336812,479.5289611816406,157121,0.0,0.0
2015-05-12 00:00:00+05:30,482.2285696963296,482.2285696963296,473.04741644938053,477.9402770996094,368575,0.0,0.0
2015-05-13 00:00:00+05:30,492.4220047547229,513.1745319593132,492.4220047547229,502.8123474121094,3334490,0.0,0.0
2015-05-14 00:00:00+05:30,502.8123222701066,522.749335972407,495.19182624931074,501.9827575683594,1825406,0.0,0.0
2015-05-15 00:00:00+05:30,501.4484979553918,502.17958971879375,493.78579168692517,496.8086853027344,903265,0.0,0.0
2015-05-18 00:00:00+05:30,500.5345761028204,503.36063118806214,489.5678239935503,491.84552001953125,611934,0.0,0.0
2015-05-19 00:00:00+05:30,491.7893234392882,495.5855193343945,488.20401837704975,491.4096984863281,348178,0.0,0.0
2015-05-20 00:00:00+05:30,498.0320460019871,511.54365050514554,494.36237316892067,496.06365966796875,866784,0.0,0.0
2015-05-21 00:00:00+05:30,496.06344664403537,501.9686031102463,488.4429521750783,489.39898681640625,659531,0.0,0.0
2015-05-22 00:00:00+05:30,490.6786045610214,498.25694490912355,486.4746787964945,489.3851013183594,865000,0.0,0.0
2015-05-25 00:00:00+05:30,485.2233832748854,492.2814689322435,485.2233832748854,487.85260009765625,1419046,0.0,0.0
2015-05-26 00:00:00+05:30,494.62924602485396,510.3763813978261,490.1300644897191,492.09844970703125,2520893,0.0,0.0
2015-05-27 00:00:00+05:30,492.09868196191826,499.1708198497242,484.22508374210764,488.3446960449219,1383353,0.0,0.0
2015-05-28 00:00:00+05:30,487.38844774707985,490.43944527416704,463.5568236774521,474.70635986328125,1487987,0.0,0.0
2015-05-29 00:00:00+05:30,485.63124413683994,525.5615501846912,468.97016492544714,513.469970703125,20149453,0.0,0.0
2015-06-01 00:00:00+05:30,500.6753255545054,547.6918163222107,482.7770081546154,499.1006164550781,2626940,0.0,0.0
2015-06-02 00:00:00+05:30,500.5346448900224,508.9706545933715,482.25670431785034,486.4325256347656,633912,0.0,0.0
2015-06-03 00:00:00+05:30,483.97197376203974,489.1881963771616,479.72583822151256,481.1318664550781,260809,0.0,0.0
2015-06-04 00:00:00+05:30,482.5379022091321,505.87743749935294,481.4552898310517,491.1285400390625,411878,0.0,0.0
2015-06-05 00:00:00+05:30,486.7558880391696,489.7085209343171,481.5537169178631,486.4325256347656,379118,0.0,0.0
2015-06-08 00:00:00+05:30,483.95791362308603,486.95264912442303,475.5922200820634,479.4305725097656,168878,0.0,0.0
2015-06-09 00:00:00+05:30,477.0264454470853,487.88072789628023,469.60278668311753,478.1512145996094,235196,0.0,0.0
2015-06-10 00:00:00+05:30,481.94745398864166,482.2567641922783,473.0475047497211,478.01068115234375,582384,0.0,0.0
2015-06-11 00:00:00+05:30,480.86468081417314,483.60636864274016,466.79066899166514,473.2301330566406,421768,0.0,0.0
2015-06-12 00:00:00+05:30,473.68014084700405,501.65949121107997,466.9313649478935,490.7348937988281,294812,0.0,0.0
2015-06-15 00:00:00+05:30,492.3796946828315,493.81382701362395,483.8171646674349,486.6432189941406,158765,0.0,0.0
2015-06-16 00:00:00+05:30,486.4886534063751,488.55545831605866,470.7133566406923,474.60797119140625,382828,0.0,0.0
2015-06-17 00:00:00+05:30,479.54309174901823,483.3814981930921,468.3373434670482,470.3619384765625,575565,0.0,0.0
2015-06-18 00:00:00+05:30,472.4147007889928,475.7891152613349,466.80480041969093,470.7837829589844,153990,0.0,0.0
2015-06-19 00:00:00+05:30,472.4146493589077,477.7574493440903,463.97869454819215,467.91546630859375,290531,0.0,0.0
2015-06-22 00:00:00+05:30,469.05445901857297,486.1935799901597,464.8926895154835,482.5801696777344,546612,0.0,0.0
2015-06-23 00:00:00+05:30,486.4745724384311,488.07743912813174,469.60266411276547,471.1351623535156,224831,0.0,0.0
2015-06-24 00:00:00+05:30,474.1018629758881,474.1018629758881,464.82229162671007,469.25115966796875,340259,0.0,0.0
2015-06-25 00:00:00+05:30,469.32151255132646,477.32163378191666,469.32151255132646,475.24072265625,388284,0.0,0.0
2015-06-26 00:00:00+05:30,474.3830557554068,479.61333020987064,468.520055235341,470.0806579589844,72390,0.0,0.0
2015-06-29 00:00:00+05:30,457.24402290324707,473.2583187626915,457.0050275775085,471.8945007324219,281431,0.0,0.0
2015-06-30 00:00:00+05:30,474.94545656353006,476.9138424853183,469.6027100999601,471.83819580078125,457818,0.0,0.0
2015-07-01 00:00:00+05:30,471.85226259762754,491.39559782337994,471.824104490724,483.29705810546875,479931,0.0,0.0
2015-07-02 00:00:00+05:30,486.1935355778231,499.88792550781875,485.06871281803234,490.0037841796875,339290,0.0,0.0
2015-07-03 00:00:00+05:30,490.97379860524285,497.72262689431585,486.76987338768083,489.7506103515625,160962,0.0,0.0
2015-07-06 00:00:00+05:30,485.8980225052759,497.30065910339,483.64843155313264,494.615234375,184946,0.0,0.0
2015-07-07 00:00:00+05:30,494.6294976996935,511.27646712302317,494.34829200635664,504.48553466796875,547087,0.0,0.0
2015-07-08 00:00:00+05:30,494.92479254099936,504.6402005698712,494.92479254099936,500.77374267578125,738303,0.0,0.0
2015-07-09 00:00:00+05:30,503.90902219960947,510.8405836467305,496.7665699115522,506.24298095703125,501062,0.0,0.0
2015-07-10 00:00:00+05:30,506.15861100576086,506.15861100576086,471.02275970174344,483.226806640625,250400,0.0,0.0
2015-07-13 00:00:00+05:30,485.6028426873889,489.28656656477466,481.2020793452705,484.88580322265625,87128,0.0,0.0
2015-07-14 00:00:00+05:30,485.63113399235874,509.5330817749666,485.63113399235874,495.23406982421875,255696,0.0,0.0
2015-07-15 00:00:00+05:30,500.53468130428223,507.5365586042085,496.45733263392583,499.409912109375,158453,0.0,0.0
2015-07-16 00:00:00+05:30,500.52043256649716,532.5912256058044,500.197070265516,528.021728515625,1595181,0.0,0.0
2015-07-17 00:00:00+05:30,533.434755969785,533.434755969785,515.986386872364,518.7421264648438,153931,0.0,0.0
2015-07-20 00:00:00+05:30,521.9200059244779,531.4667354156142,520.2750352875357,522.4262084960938,94915,0.0,0.0
2015-07-21 00:00:00+05:30,528.0920873658764,528.0920873658764,500.53452654528894,501.27972412109375,201437,0.0,0.0
2015-07-22 00:00:00+05:30,501.6734647679303,510.2219450800865,484.22503729948323,490.32708740234375,325009,0.0,0.0
2015-07-23 00:00:00+05:30,471.5710533944715,480.85062449729253,461.1666597897381,465.3003234863281,1104309,0.0,0.0
2015-07-24 00:00:00+05:30,465.3846845891171,475.985917854504,456.0207454757168,457.8345031738281,675431,0.0,0.0
2015-07-27 00:00:00+05:30,463.69748856500314,463.69748856500314,445.6444937941273,447.9503479003906,606537,0.0,0.0
2015-07-28 00:00:00+05:30,447.96433461524606,450.7341266774527,440.0766863823291,442.3122253417969,420668,0.0,0.0
2015-07-29 00:00:00+05:30,443.9995146756722,463.9787125882653,442.35449108768876,455.4724426269531,523281,0.0,0.0
2015-07-30 00:00:00+05:30,462.8538930863319,469.3215159464282,457.22994083408986,461.40576171875,516546,0.0,0.0
2015-07-31 00:00:00+05:30,465.2441043415376,469.57455338230506,456.9487253362082,461.6728515625,282821,0.0,0.0
2015-08-03 00:00:00+05:30,462.5727519987673,471.2899130582475,457.9329389873446,466.24237060546875,277075,0.0,0.0
2015-08-04 00:00:00+05:30,466.24227712825353,474.38302662317,455.82383193292054,468.30908203125,334815,0.0,0.0
2015-08-05 00:00:00+05:30,466.2001965770425,470.98058542589456,453.29316277549026,456.231689453125,523993,0.0,0.0
2015-08-06 00:00:00+05:30,458.3546775571775,468.19666034872864,456.94870300173795,465.4690246582031,500978,0.0,0.0
2015-08-07 00:00:00+05:30,465.5253475998967,466.08775894879165,454.1508113785636,455.86614990234375,238546,0.0,0.0
2015-08-10 00:00:00+05:30,456.1755297050787,463.2195639768374,454.1508807206221,460.0841979980469,206175,0.0,0.0
2015-08-11 00:00:00+05:30,461.16665953760725,476.3514414981883,461.16665953760725,470.0806579589844,379056,0.0,0.0
2015-08-12 00:00:00+05:30,469.8839266078342,470.1510800580276,450.6780553625323,452.9838562011719,398996,0.0,0.0
2015-08-13 00:00:00+05:30,454.13672333068655,466.7907095105469,454.13672333068655,458.79058837890625,407553,0.0,0.0
2015-08-14 00:00:00+05:30,447.1067052168702,456.9486876783793,432.13286752905645,455.0927734375,632865,0.0,0.0
2015-08-17 00:00:00+05:30,456.94876770467926,463.13513171287684,449.35637530746027,461.3354797363281,175903,0.0,0.0
2015-08-18 00:00:00+05:30,465.37058585291203,465.947049341438,455.5427093446762,458.9311218261719,189015,0.0,0.0
2015-08-19 00:00:00+05:30,461.1386505025146,462.9805128671625,455.54280221356544,457.2580871582031,193528,0.0,0.0
2015-08-20 00:00:00+05:30,456.94872174636333,457.48297493630895,443.92918979977827,448.4986877441406,636015,0.0,0.0
2015-08-21 00:00:00+05:30,441.4968352034573,449.918765175911,436.28061226072555,438.76922607421875,2153609,0.0,0.0
2015-08-24 00:00:00+05:30,434.3965266070855,434.3965266070855,414.7969548563365,421.728515625,1143543,0.0,0.0
2015-08-25 00:00:00+05:30,427.4228323712029,427.4228323712029,406.332889719822,408.0341491699219,2469240,0.0,0.0
2015-08-26 00:00:00+05:30,408.62466544618013,413.3628710653842,391.1481325204701,407.6404724121094,812465,0.0,0.0
2015-08-27 00:00:00+05:30,411.2139273662554,425.8517909726381,411.2139273662554,420.7327575683594,2034387,1.3824,0.0
2015-08-28 00:00:00+05:30,429.8285046644964,431.4925393570643,401.35660909396057,403.8526611328125,1162987,0.0,0.0
2015-08-31 00:00:00+05:30,406.9550986349918,418.68796101126566,397.0837248294796,401.9206848144531,7960528,0.0,0.0
2015-09-01 00:00:00+05:30,403.31673230193286,417.4187157607599,402.18857470112266,412.7368469238281,441565,0.0,0.0
2015-09-02 00:00:00+05:30,419.67507115365214,419.9571173052153,405.0936132661349,412.1728210449219,966168,0.0,0.0
2015-09-03 00:00:00+05:30,403.3168083856687,403.3168083856687,392.09163410542334,393.81207275390625,1703946,0.0,0.0
2015-09-04 00:00:00+05:30,397.39399039243244,397.39399039243244,379.3716530712281,382.8125305175781,3278731,0.0,0.0
2015-09-07 00:00:00+05:30,383.61626664014824,388.62249151138235,362.99916708864316,366.3836669921875,1559853,0.0,0.0
2015-09-08 00:00:00+05:30,367.52589285142955,375.1127613774933,354.2418325367389,373.2936096191406,562146,0.0,0.0
2015-09-09 00:00:00+05:30,376.50887297836744,397.6759707066756,376.50887297836744,395.95550537109375,628946,0.0,0.0
2015-09-10 00:00:00+05:30,392.17625488470594,424.4698183503904,385.0547632129098,418.29315185546875,1553837,0.0,0.0
2015-09-11 00:00:00+05:30,423.05961251240745,439.375605758463,404.1629476683941,418.8008117675781,1040912,0.0,0.0
2015-09-14 00:00:00+05:30,424.42756110958413,431.52086517538805,419.39314612950864,426.4864501953125,292578,0.0,0.0
2015-09-15 00:00:00+05:30,426.3171844409762,430.11060627285633,411.77803381363134,412.6241455078125,164203,0.0,0.0
2015-09-16 00:00:00+05:30,415.8675731688135,419.39306974728504,387.39567549665225,389.4686584472656,1118243,0.0,0.0
2015-09-18 00:00:00+05:30,397.676015856143,403.31680487520384,392.3172461149824,397.436279296875,963300,0.0,0.0
2015-09-21 00:00:00+05:30,399.02980982236704,400.4964177332921,387.80463505638244,388.98919677734375,224325,0.0,0.0
2015-09-22 00:00:00+05:30,395.9838586859373,399.6503791336435,389.49695651512565,393.8826599121094,322903,0.0,0.0
2015-09-23 00:00:00+05:30,388.98911800265745,397.831073295847,382.6009317883499,395.9132080078125,288418,0.0,0.0
2015-09-24 00:00:00+05:30,395.40552284887343,395.40552284887343,378.21520630196056,382.78424072265625,737690,0.0,0.0
2015-09-28 00:00:00+05:30,378.01789145902194,379.32938216873055,369.7541201508345,372.8001708984375,1004762,0.0,0.0
2015-09-29 00:00:00+05:30,371.6014339328009,394.57356523706864,369.75406643473025,391.20318603515625,995425,0.0,0.0
2015-09-30 00:00:00+05:30,396.26583083739945,427.20559303666136,395.1376729796076,418.8431091308594,1274359,0.0,0.0
2015-10-01 00:00:00+05:30,420.39424594910054,427.20550125049675,409.7190447630297,424.6530456542969,393840,0.0,0.0
2015-10-05 00:00:00+05:30,427.2761110287625,444.748477846518,414.0202354094728,435.3142395019531,1009571,0.0,0.0
2015-10-06 00:00:00+05:30,440.7433861099513,444.1983838857615,422.2415799733278,424.93505859375,434218,0.0,0.0
2015-10-07 00:00:00+05:30,424.9351336089536,435.7372653689405,424.46978162982106,429.5464782714844,209968,0.0,0.0
2015-10-08 00:00:00+05:30,429.5464182751421,435.7795141178113,425.8799261172659,434.3410949707031,120140,0.0,0.0
2015-10-09 00:00:00+05:30,434.9052473183327,435.77957431738,430.12466419987237,434.11553955078125,148678,0.0,0.0
2015-10-12 00:00:00+05:30,437.1614386564199,443.5778393414489,430.2655649923997,434.2564392089844,136328,0.0,0.0
2015-10-13 00:00:00+05:30,432.9310585893776,437.14755014694254,415.3317614126801,420.78924560546875,343909,0.0,0.0
2015-10-14 00:00:00+05:30,423.05951221823165,428.2067330558655,419.3929932179857,422.41082763671875,204609,0.0,0.0
2015-10-15 00:00:00+05:30,422.4955298614106,426.85304418595564,416.29067476760486,420.055908203125,223506,0.0,0.0
2015-10-16 00:00:00+05:30,423.0736170885329,425.4850765956278,405.62946964871566,407.8434753417969,267768,0.0,0.0
2015-10-19 00:00:00+05:30,413.850955549306,420.5211884298178,404.72698029110825,419.7455749511719,168328,0.0,0.0
2015-10-20 00:00:00+05:30,420.2391476797119,422.74932083868595,409.747278020021,416.4175109863281,242712,0.0,0.0
2015-10-21 00:00:00+05:30,418.814837477409,419.6750701684367,412.3420316294183,414.711181640625,268643,0.0,0.0
2015-10-23 00:00:00+05:30,417.4187213251496,418.82892506931074,375.3948165130222,382.1778564453125,2018940,0.0,0.0
2015-10-26 00:00:00+05:30,385.2662837542212,386.39444164774756,376.5230668037436,379.7101135253906,2005915,0.0,0.0
2015-10-27 00:00:00+05:30,380.7535924225831,380.76768666103595,368.3156421671371,373.82952880859375,2441140,0.0,0.0
2015-10-28 00:00:00+05:30,378.92042777067707,382.3894939948059,375.1269788131059,380.71136474609375,620628,0.0,0.0
2015-10-29 00:00:00+05:30,382.9817531873346,382.9817531873346,369.47204787402984,372.53216552734375,968512,0.0,0.0
2015-10-30 00:00:00+05:30,377.9331477370827,377.9331477370827,369.7539983679151,373.744873046875,690196,0.0,0.0
2015-11-02 00:00:00+05:30,377.63703413421956,379.90747064194477,371.1642284014233,374.16796875,526253,0.0,0.0
2015-11-03 00:00:00+05:30,379.3434494583928,380.7395593140276,372.7437136536042,379.569091796875,144168,0.0,0.0
2015-11-04 00:00:00+05:30,380.4715661192681,383.5740201744668,377.08709279329025,380.4856872558594,373512,0.0,0.0
2015-11-05 00:00:00+05:30,382.9252949551384,394.8273684745552,380.7535987118526,387.5789489746094,582943,0.0,0.0
2015-11-06 00:00:00+05:30,393.44544648866344,401.6245981756175,392.03524235696653,396.01202392578125,612325,0.0,0.0
2015-11-09 00:00:00+05:30,386.43664885934305,402.18857247237196,386.43664885934305,396.4631652832031,230196,0.0,0.0
2015-11-10 00:00:00+05:30,399.0861789551598,404.16290234314437,389.2288994810657,393.995361328125,224875,0.0,0.0
2015-11-13 00:00:00+05:30,395.7158357672217,400.298965020888,390.93525267536273,396.1952819824219,155553,0.0,0.0
2015-11-16 00:00:00+05:30,393.16333411261553,398.1836535211484,385.5059665054404,388.59429931640625,318281,0.0,0.0
2015-11-17 00:00:00+05:30,392.8813261526573,397.6618822564391,388.08664891237026,389.7083740234375,351568,0.0,0.0
2015-11-18 00:00:00+05:30,389.4969407809774,394.57363843645265,383.63050830162837,385.33685302734375,108553,0.0,0.0
2015-11-19 00:00:00+05:30,386.4790608865486,390.62505392152565,373.4206124234918,379.7101135253906,530021,0.0,0.0
2015-11-20 00:00:00+05:30,380.7395998136435,386.39448414387095,378.58199726876114,383.8138122558594,621393,0.0,0.0
2015-11-23 00:00:00+05:30,384.42015622987725,390.34299165136844,384.42015622987725,386.94439697265625,612509,0.0,0.0
2015-11-24 00:00:00+05:30,386.39435378227745,404.7269490050342,385.0123653840157,400.7078857421875,367490,0.0,0.0
2015-11-26 00:00:00+05:30,404.16287151350684,407.1807060790348,398.73360428159197,400.75018310546875,201034,0.0,0.0
2015-11-27 00:00:00+05:30,401.35662141852237,404.5295735818519,390.9211552237744,397.0555114746094,210143,0.0,0.0
2015-11-30 00:00:00+05:30,400.48230436253,404.7270105572828,388.0020434755553,395.70172119140625,836359,0.0,0.0
2015-12-01 00:00:00+05:30,399.3822756280901,403.03470044738424,393.02230474786575,400.5668640136719,191050,0.0,0.0
2015-12-02 00:00:00+05:30,402.7526853485491,409.52165861208414,398.5221005940664,404.3462219238281,665959,0.0,0.0
2015-12-03 00:00:00+05:30,403.59887027718554,414.31635647525985,403.59887027718554,407.87176513671875,398162,0.0,0.0
2015-12-04 00:00:00+05:30,405.4321261625395,411.21393867949973,396.26583999399793,398.52215576171875,229759,0.0,0.0
2015-12-07 00:00:00+05:30,402.9924640991326,406.9692184884368,399.0439250873716,402.27325439453125,283593,0.0,0.0
2015-12-08 00:00:00+05:30,400.214318753855,408.7883496544179,399.3682071929737,401.7232360839844,555787,0.0,0.0
2015-12-09 00:00:00+05:30,400.4964047085145,401.1592105436331,373.78725540737577,378.0601501464844,431237,0.0,0.0
2015-12-10 00:00:00+05:30,380.18945003165516,389.214737471854,373.71664497746286,381.0496826171875,145550,0.0,0.0
2015-12-11 00:00:00+05:30,381.049689679689,382.72781837727194,370.0501330162326,373.2936096191406,249475,0.0,0.0
2015-12-14 00:00:00+05:30,371.6720486359597,377.5948584152561,368.34397824716814,370.4169616699219,336159,0.0,0.0
2015-12-15 00:00:00+05:30,373.2654643826525,376.24098965996393,368.5271908606054,370.1207275390625,153050,0.0,0.0
2015-12-16 00:00:00+05:30,372.5885478519463,373.53339980512834,364.94527438280454,366.59521484375,304053,0.0,0.0
2015-12-17 00:00:00+05:30,366.6515643686586,368.18866999857784,357.1750191476604,362.5478820800781,988553,0.0,0.0
2015-12-18 00:00:00+05:30,366.08752367333784,371.474481601035,362.4210311831187,366.87725830078125,1849928,0.0,0.0
2015-12-21 00:00:00+05:30,361.89922961632396,372.2923853038318,361.89922961632396,366.39776611328125,246118,0.0,0.0
2015-12-22 00:00:00+05:30,366.39778490150104,372.0103582345664,366.39778490150104,368.6258850097656,210475,0.0,0.0
2015-12-23 00:00:00+05:30,369.7963392308029,371.54499308226616,366.6516026637433,368.23101806640625,121231,0.0,0.0
2015-12-24 00:00:00+05:30,369.4720748811354,372.292456178739,367.3567552861753,368.5977478027344,179331,0.0,0.0
2015-12-28 00:00:00+05:30,368.6258806588473,374.52052697949057,367.21570367154305,369.41558837890625,328771,0.0,0.0
2015-12-29 00:00:00+05:30,370.8820840073148,370.8820840073148,364.64901645994365,366.1720275878906,141737,0.0,0.0
2015-12-30 00:00:00+05:30,368.0900815159237,369.92335502272203,361.01089901641865,361.6031799316406,166256,0.0,0.0
2015-12-31 00:00:00+05:30,369.47194280214654,372.29232309151934,365.24133202199283,370.31805419921875,494800,0.0,0.0
2016-01-01 00:00:00+05:30,372.2923629655414,401.31425327770387,370.4591169259708,391.4710693359375,1611593,0.0,0.0
2016-01-04 00:00:00+05:30,393.02237694571517,399.0862085678144,376.3397188970312,380.4010925292969,787350,0.0,0.0
2016-01-05 00:00:00+05:30,382.2484075095329,384.1098690475742,366.67981521002366,370.1065979003906,613184,0.0,0.0
2016-01-06 00:00:00+05:30,371.1642190825576,373.6743651641186,362.42100395895403,363.2530212402344,1060681,0.0,0.0
2016-01-07 00:00:00+05:30,362.6889108687531,362.6889108687531,354.6648788327738,356.68145751953125,525990,0.0,0.0
2016-01-08 00:00:00+05:30,359.8825979621253,363.54911662052433,351.13935702326654,359.4454345703125,1261100,0.0,0.0
2016-01-11 00:00:00+05:30,358.4724971696462,365.24144422036665,353.36758495286654,361.3634033203125,427690,0.0,0.0
2016-01-12 00:00:00+05:30,366.07343687496007,367.77978121093844,352.54963792833064,354.6931457519531,459487,0.0,0.0
2016-01-13 00:00:00+05:30,358.0494023402532,358.47247158725764,341.83212443538815,348.0793151855469,427287,0.0,0.0
2016-01-14 00:00:00+05:30,346.62679565603304,346.90884181582936,339.5193991930593,345.230712890625,160184,0.0,0.0
2016-01-15 00:00:00+05:30,349.13696889023413,351.42149992518785,341.87445454766896,345.4422607421875,381396,0.0,0.0
2016-01-18 00:00:00+05:30,342.67826249975576,343.2423548726643,324.9097831116125,325.7699890136719,872206,0.0,0.0
2016-01-19 00:00:00+05:30,326.31988735093915,335.3451750194412,317.2946265798359,333.145263671875,440206,0.0,0.0
2016-01-20 00:00:00+05:30,329.4223861844884,346.9088447802537,322.0752531126449,341.97314453125,735928,0.0,0.0
2016-01-21 00:00:00+05:30,344.0743120996334,349.7291945924897,335.6272105057377,340.37957763671875,538928,0.0,0.0
2016-01-22 00:00:00+05:30,344.07438813204743,345.3858787517626,337.4605580704714,338.44769287109375,503915,0.0,0.0
2016-01-25 00:00:00+05:30,341.23982893208927,346.86652325713453,338.95529813249595,341.437255859375,340821,0.0,0.0
2016-01-27 00:00:00+05:30,332.9761166539416,345.59740172053415,329.253192874032,341.5078125,1250531,0.0,0.0
2016-01-28 00:00:00+05:30,341.5501049069578,349.151096322382,333.8786422909745,339.138671875,1137681,0.0,0.0
2016-01-29 00:00:00+05:30,338.43356548390614,341.9449408025839,333.2722227498634,334.73883056640625,703046,0.0,0.0
2016-02-01 00:00:00+05:30,335.6272120966499,341.1270042067849,329.9864238146911,336.8963928222656,441803,0.0,0.0
2016-02-02 00:00:00+05:30,334.2594306691852,337.03752958550297,324.9098374125661,328.2943115234375,436437,0.0,0.0
2016-02-03 00:00:00+05:30,327.13795701750166,327.13795701750166,307.4233652671699,311.6257629394531,1120306,0.0,0.0
2016-02-04 00:00:00+05:30,313.6140556144046,318.1689962208968,312.24616131883187,313.13458251953125,820187,0.0,0.0
2016-02-05 00:00:00+05:30,315.3362795592883,323.276503839801,315.3362795592883,320.2935791015625,1234456,2.56,0.0
2016-02-08 00:00:00+05:30,320.1657401914988,327.1116378187822,317.3248622099339,326.302001953125,369921,0.0,0.0
2016-02-09 00:00:00+05:30,325.8474467312936,327.04060564843894,308.2340748934694,323.4327087402344,217153,0.0,0.0
2016-02-10 00:00:00+05:30,318.46126900098295,322.1402037118025,312.4954457707455,313.3193054199219,873140,0.0,0.0
2016-02-11 00:00:00+05:30,312.4954289374863,316.18855998513504,306.8136992844204,311.1460266113281,1312706,0.0,0.0
2016-02-12 00:00:00+05:30,313.0635760433377,316.9981560612867,298.5751469322314,306.9841003417969,728818,0.0,0.0
2016-02-15 00:00:00+05:30,309.3704210558065,330.96098931664443,308.12042182324086,327.878662109375,224312,0.0,0.0
2016-02-16 00:00:00+05:30,339.4836699171185,339.4836699171185,324.1287895550545,328.560546875,327853,0.0,0.0
2016-02-17 00:00:00+05:30,328.9724165714762,338.00636963295267,320.30776302140924,334.5689392089844,232756,0.0,0.0
2016-02-18 00:00:00+05:30,335.7905730172509,338.9439380817412,322.4953267959253,323.5748596191406,397481,0.0,0.0
2016-02-19 00:00:00+05:30,323.5747846791265,323.5747846791265,313.6317386160883,318.0918884277344,396462,0.0,0.0
2016-02-22 00:00:00+05:30,319.59753857593734,335.57741550473423,316.75666072932586,329.3701171875,499803,0.0,0.0
2016-02-23 00:00:00+05:30,330.1088240714067,332.09742279527563,320.1658033594362,322.4668884277344,721759,0.0,0.0
2016-02-24 00:00:00+05:30,322.12590866402695,324.6826933519181,314.0578620386452,321.96966552734375,318109,0.0,0.0
2016-02-25 00:00:00+05:30,326.4157143759855,332.90710791451284,318.8874317994509,330.6770324707031,2484459,0.0,0.0
2016-02-26 00:00:00+05:30,333.23366336967456,336.9125969375672,327.3388788348489,332.4666442871094,917375,0.0,0.0
2016-02-29 00:00:00+05:30,330.39287219070513,332.5661339541014,325.08044250568236,329.0860595703125,699971,0.0,0.0
2016-03-01 00:00:00+05:30,334.9382531351765,339.1995432423884,329.9951501085815,337.0120849609375,723884,0.0,0.0
2016-03-02 00:00:00+05:30,346.86982173677626,353.24755896255454,338.6739261563124,344.4408874511719,2351825,0.0,0.0
2016-03-03 00:00:00+05:30,348.14837866532775,348.14837866532775,337.0263669430376,338.6314697265625,706168,0.0,0.0
2016-03-04 00:00:00+05:30,338.09166239696793,356.55729143349015,335.91840036116014,351.3727111816406,500853,0.0,0.0
2016-03-08 00:00:00+05:30,349.4266416308545,359.3696597390488,340.8756151722221,348.4323425292969,241643,0.0,0.0
2016-03-09 00:00:00+05:30,341.8983501723455,343.4608357425151,336.71377098078784,339.4836120605469,1576068,0.0,0.0
2016-03-10 00:00:00+05:30,337.77913534858095,339.7677338102847,329.071864626394,330.5065002441406,1313468,0.0,0.0
2016-03-11 00:00:00+05:30,331.81333334673,334.93827784976213,325.052071067084,326.0037536621094,5426596,0.0,0.0
2016-03-14 00:00:00+05:30,324.9384368799271,330.6770071397328,324.1856140984679,328.7878112792969,1067906,0.0,0.0
2016-03-15 00:00:00+05:30,330.6769891711261,330.6769891711261,324.61173636405636,326.444091796875,875193,0.0,0.0
2016-03-16 00:00:00+05:30,326.0321499369057,328.9582617028852,325.27932719292147,327.8645324707031,492481,0.0,0.0
2016-03-17 00:00:00+05:30,328.9156491782195,333.5036496531692,327.8361164673343,332.3815002441406,744243,0.0,0.0
2016-03-18 00:00:00+05:30,333.5177785041855,333.5177785041855,322.85033074724237,326.08892822265625,1386950,0.0,0.0
2016-03-21 00:00:00+05:30,327.5519868575515,342.29608942557695,327.3531270167007,340.76202392578125,952275,0.0,0.0
2016-03-22 00:00:00+05:30,340.6199939329549,346.5858165422135,336.3587036803228,344.8955078125,454096,0.0,0.0
2016-03-23 00:00:00+05:30,345.15117932190515,348.5460203927937,341.6427117919662,346.94091796875,375618,0.0,0.0
2016-03-28 00:00:00+05:30,346.86988983556523,351.3868800013901,346.15968386517744,348.41815185546875,337756,0.0,0.0
2016-03-29 00:00:00+05:30,349.994815648145,350.8186751209059,336.71376963273406,338.68817138671875,1434615,0.0,0.0
2016-03-30 00:00:00+05:30,339.810316487138,356.52881970363893,339.810316487138,353.29022216796875,682018,0.0,0.0
2016-03-31 00:00:00+05:30,354.11413815986407,359.9379143666326,345.307436990352,353.2192687988281,4443843,0.0,0.0
2016-04-01 00:00:00+05:30,353.11986430286663,359.6538470180879,347.96367706548926,357.4947814941406,384100,0.0,0.0
2016-04-04 00:00:00+05:30,360.30722509212836,366.8980478656403,358.51748631456354,361.98333740234375,455190,0.0,0.0
2016-04-05 00:00:00+05:30,355.9891115819538,361.0032518402609,350.56305507129747,356.5004577636719,872490,0.0,0.0
2016-04-06 00:00:00+05:30,360.22197126082443,363.631008665147,354.96635499627234,360.7901306152344,567212,0.0,0.0
2016-04-07 00:00:00+05:30,361.92645849557715,363.0628042407509,355.8328135808422,361.9122619628906,246612,0.0,0.0
2016-04-08 00:00:00+05:30,360.79000781477527,362.9774923801549,356.31563589150187,360.26446533203125,181925,0.0,0.0
2016-04-11 00:00:00+05:30,360.26461998880455,362.2390220103477,355.1084331847261,357.1396484375,287093,0.0,0.0
2016-04-12 00:00:00+05:30,357.94931767552725,363.65944035597926,357.94931767552725,360.2362060546875,459178,0.0,0.0
2016-04-13 00:00:00+05:30,363.602607217881,365.0230463159375,351.0317659029071,360.9179992675781,756593,0.0,0.0
2016-04-18 00:00:00+05:30,364.72479807742826,380.6478655563321,362.2106295281277,378.4888000488281,1287065,0.0,0.0
2016-04-20 00:00:00+05:30,380.818235978761,393.74417941537496,379.7671235803424,391.8550109863281,901721,0.0,0.0
2016-04-21 00:00:00+05:30,393.4600868954683,393.7441530025932,386.0027894116018,386.49993896484375,669271,0.0,0.0
2016-04-22 00:00:00+05:30,386.0597438848784,388.91479198090764,383.815444872923,386.1733703613281,198462,0.0,0.0
2016-04-25 00:00:00+05:30,386.92609684763806,389.15617167534964,379.6108727143815,380.5767517089844,642356,0.0,0.0
2016-04-26 00:00:00+05:30,380.57679541569115,388.87215021432166,378.147860478442,385.4346923828125,1151656,0.0,0.0
2016-04-27 00:00:00+05:30,384.93751484497204,387.2812162201066,379.8807583909886,382.57958984375,340475,0.0,0.0
2016-04-28 00:00:00+05:30,382.6506166061038,382.6506166061038,372.153634272405,375.2359619140625,1029006,0.0,0.0
2016-04-29 00:00:00+05:30,377.8069359433974,385.70454356505047,374.2132351263445,384.32672119140625,482290,0.0,0.0
2016-05-02 00:00:00+05:30,382.09659153691786,391.7555433040676,378.48869470233103,389.113525390625,401909,0.0,0.0
2016-05-03 00:00:00+05:30,389.1987378728707,397.15315715712717,387.7782990846708,391.940185546875,688975,0.0,0.0
2016-05-04 00:00:00+05:30,390.3067349057517,399.99408032047546,389.0709592504794,391.8976135253906,614068,0.0,0.0
2016-05-05 00:00:00+05:30,391.75563569461457,392.3238222114431,380.1080830258731,383.1620178222656,1171871,0.0,0.0
2016-05-06 00:00:00+05:30,382.32386154230005,385.73289847255484,376.4006568280629,377.6648254394531,671843,0.0,0.0
2016-05-09 00:00:00+05:30,381.6705569387574,389.9942778279586,375.2927908218057,376.6138000488281,436925,0.0,0.0
2016-05-10 00:00:00+05:30,377.55125212822014,380.6761963141777,368.1763924777265,369.3269348144531,375328,0.0,0.0
2016-05-11 00:00:00+05:30,366.471895848345,374.4263443373527,364.1708109512211,369.6678771972656,211662,0.0,0.0
2016-05-12 00:00:00+05:30,369.6820455581973,382.9488959593676,369.6820455581973,380.2500915527344,426037,0.0,0.0
2016-05-13 00:00:00+05:30,379.5398712182057,386.8977398206683,378.68761859237753,381.2727966308594,366434,0.0,0.0
2016-05-16 00:00:00+05:30,386.07384160145153,390.88909419316855,378.03418795899773,389.2129821777344,300203,0.0,0.0
2016-05-17 00:00:00+05:30,390.9033335838675,393.445894775093,387.86359570697084,389.7101745605469,177925,0.0,0.0
2016-05-18 00:00:00+05:30,389.056824526444,390.3352171643779,384.93758043181043,387.72161865234375,155712,0.0,0.0
2016-05-19 00:00:00+05:30,390.5624861791849,393.4601778828978,383.5455504970919,385.5341491699219,223250,0.0,0.0
2016-05-20 00:00:00+05:30,385.47727903674166,390.590821596749,377.83534471719827,379.65350341796875,167490,0.0,0.0
2016-05-23 00:00:00+05:30,380.07963670036787,396.38622556972365,380.07963670036787,389.63916015625,621434,0.0,0.0
2016-05-24 00:00:00+05:30,392.86363721967757,396.01697524515424,384.3694211339185,392.7073669433594,719818,0.0,0.0
2016-05-25 00:00:00+05:30,395.44877173284146,397.1248840488206,388.9005656352238,394.5254821777344,491993,0.0,0.0
2016-05-26 00:00:00+05:30,384.08519712779884,391.68451350720864,380.67613319052697,386.9544677734375,943318,0.0,0.0
2016-05-27 00:00:00+05:30,388.2755402676061,394.02830652635316,383.60233375168434,392.1107177734375,657750,0.0,0.0
2016-05-30 00:00:00+05:30,393.47432128043874,411.35756457057687,393.47432128043874,408.10479736328125,1006118,0.0,0.0
2016-05-31 00:00:00+05:30,410.5052497938148,416.1727814800317,403.40308274861866,408.81494140625,1590309,0.0,0.0
2016-06-01 00:00:00+05:30,408.8007876400457,409.9371334024471,398.2895825646778,400.06512451171875,222637,0.0,0.0
2016-06-02 00:00:00+05:30,402.93440847458226,402.93440847458226,392.09649314595276,393.801025390625,316918,0.0,0.0
2016-06-03 00:00:00+05:30,397.72135149397815,397.72135149397815,383.801110693917,384.17041015625,326509,0.0,0.0
2016-06-06 00:00:00+05:30,387.4090512972038,387.4090512972038,377.153519266465,378.5313415527344,389965,0.0,0.0
2016-06-07 00:00:00+05:30,381.75577831820254,384.93756323500816,380.3637592701233,383.4176940917969,351393,0.0,0.0
2016-06-08 00:00:00+05:30,387.42327660196,390.33516453069143,383.81537921194683,387.3380432128906,784993,0.0,0.0
2016-06-09 00:00:00+05:30,388.0624611234756,391.4714985645276,383.87218085564933,385.50567626953125,389003,0.0,0.0
2016-06-10 00:00:00+05:30,386.3579338835506,390.2073074781637,384.36930850371215,385.2215881347656,228684,0.0,0.0
2016-06-13 00:00:00+05:30,381.8125423095434,389.39766341947296,381.7841492427034,386.2301025390625,256490,0.0,0.0
2016-06-14 00:00:00+05:30,388.6306061171587,390.61920430580494,375.8466832112377,380.64776611328125,227865,0.0,0.0
2016-06-15 00:00:00+05:30,382.0966076772515,385.91758811311206,379.55404665675843,383.375,344175,0.0,0.0
2016-06-16 00:00:00+05:30,383.51711594952434,384.93755513082516,380.4063679597138,382.46600341796875,247243,0.0,0.0
2016-06-17 00:00:00+05:30,383.4886687991106,384.9375280409765,374.99448156423335,376.31549072265625,351987,0.0,0.0
2016-06-20 00:00:00+05:30,373.47460075160956,388.61642290171216,373.47460075160956,380.8892822265625,566959,0.0,0.0
2016-06-21 00:00:00+05:30,381.3012409418774,389.7670357848422,376.75585719274494,378.2757263183594,626928,0.0,0.0
2016-06-22 00:00:00+05:30,374.48316604905233,383.4887001691252,374.48316604905233,379.42626953125,408390,0.0,0.0
2016-06-23 00:00:00+05:30,381.88360073253403,387.77838645671136,375.0655255241039,384.0284423828125,456143,0.0,0.0
2016-06-24 00:00:00+05:30,380.6051441281871,389.4686566615853,375.1932853128316,386.0880126953125,359400,0.0,0.0
2016-06-27 00:00:00+05:30,386.0881057197927,394.17037746798314,382.8353110341154,385.0227966308594,545118,0.0,0.0
2016-06-28 00:00:00+05:30,385.50566387702435,395.5197195046459,385.50566387702435,392.394775390625,382959,0.0,0.0
2016-06-29 00:00:00+05:30,393.4885306174131,413.6444932873586,391.61355860591226,412.2382507324219,694596,0.0,0.0
2016-06-30 00:00:00+05:30,412.891598666175,417.5790278783477,403.2752637422886,406.40020751953125,963015,0.0,0.0
2016-07-01 00:00:00+05:30,405.39186319469945,420.16436221788024,403.559480420763,414.5820617675781,639912,0.0,0.0
2016-07-04 00:00:00+05:30,415.24948675389544,417.6074113838819,411.5563837801389,412.3944396972656,297500,0.0,0.0
2016-07-05 00:00:00+05:30,412.3944692683304,419.88013274907763,410.54789055642493,416.04498291015625,430150,0.0,0.0
2016-07-07 00:00:00+05:30,416.4995563907877,423.0761547817693,414.79502411301223,416.4569396972656,642300,0.0,0.0
2016-07-08 00:00:00+05:30,417.92000132075566,420.23528259618786,414.07060033480667,416.4427490234375,352325,0.0,0.0
2016-07-11 00:00:00+05:30,418.16146571608294,422.1244932996241,409.993988187338,412.479736328125,536096,0.0,0.0
2016-07-12 00:00:00+05:30,414.8376470621177,416.3290958947733,404.07076821405855,405.59063720703125,765590,0.0,0.0
2016-07-13 00:00:00+05:30,407.6501934175655,411.8972864617757,401.9826614837334,405.73260498046875,799887,0.0,0.0
2016-07-14 00:00:00+05:30,406.47130145236247,413.81494658777837,403.99974981885566,410.06500244140625,1911609,0.0,0.0
2016-07-15 00:00:00+05:30,413.06214526175023,419.86602441981216,412.7922756292295,416.4996032714844,751437,0.0,0.0
2016-07-18 00:00:00+05:30,419.02791486775874,419.9938209928995,400.1929621684818,404.1133728027344,236365,0.0,0.0
2016-07-19 00:00:00+05:30,406.3008711285266,409.084909140881,401.13048772724477,407.46563720703125,324625,0.0,0.0
2016-07-20 00:00:00+05:30,407.3803539374369,414.7381948761798,407.3803539374369,413.4739990234375,250853,0.0,0.0
2016-07-21 00:00:00+05:30,414.76664000769983,416.4711452296835,406.9542386136383,410.6473693847656,431987,0.0,0.0
2016-07-22 00:00:00+05:30,411.5706637591214,418.74384191470926,408.8292154891173,413.9285888671875,545612,0.0,0.0
2016-07-25 00:00:00+05:30,413.9427760110237,423.2750192149524,413.9427760110237,420.09326171875,853043,0.0,0.0
2016-07-26 00:00:00+05:30,420.44837897851,424.42557598371786,397.80666783949584,410.53375244140625,813590,0.0,0.0
2016-07-27 00:00:00+05:30,411.92578989628066,419.02795868759586,405.5196306121405,416.61322021484375,436240,0.0,0.0
2016-07-28 00:00:00+05:30,416.61318370133597,423.2182022657809,415.0649216608332,417.60748291015625,1084562,0.0,0.0
2016-07-29 00:00:00+05:30,417.607497218084,429.3544790035401,415.3774221886637,426.1016845703125,929103,0.0,0.0
2016-08-01 00:00:00+05:30,430.39138213372996,434.368606079543,424.4824000814711,428.5448303222656,620462,0.0,0.0
2016-08-02 00:00:00+05:30,428.40274638995345,437.4935122255113,427.55049386602474,431.2294006347656,729846,0.0,0.0
2016-08-03 00:00:00+05:30,433.20385641937577,434.6811087612765,419.53928580310486,421.9114074707031,371887,0.0,0.0
2016-08-04 00:00:00+05:30,428.0903008277976,428.20392728376135,405.3349368248112,408.4314880371094,713728,0.0,0.0
2016-08-05 00:00:00+05:30,410.2212035599924,413.3461747568097,400.5622780308507,409.83770751953125,583334,0.0,0.0
2016-08-08 00:00:00+05:30,411.92577064503934,413.13312627867805,398.7299295099844,406.7980041503906,340484,0.0,0.0
2016-08-09 00:00:00+05:30,409.93713620621145,421.1727438330953,404.9229966103533,414.46832275390625,845865,0.0,0.0
2016-08-10 00:00:00+05:30,404.82365952003994,424.7097286042534,404.82365952003994,416.854736328125,1227478,0.0,0.0
2016-08-11 00:00:00+05:30,412.4939166443022,414.76660816085865,399.1702267307683,403.09063720703125,383106,0.0,0.0
2016-08-12 00:00:00+05:30,406.6417578115215,408.2326365982573,395.33511243167135,397.0254211425781,478640,0.0,0.0
2016-08-16 00:00:00+05:30,397.72139595591375,402.42302214315606,396.3861903630161,397.47991943359375,424431,0.0,0.0
2016-08-17 00:00:00+05:30,397.4372790230104,401.8122221368419,396.7838863447617,400.5764465332031,492268,0.0,0.0
2016-08-18 00:00:00+05:30,401.6987046868758,402.522537251084,393.80109590639233,394.568115234375,346703,0.0,0.0
2016-08-19 00:00:00+05:30,394.8805323577427,394.8805323577427,386.98292496170234,388.1903076171875,574406,0.0,0.0
2016-08-22 00:00:00+05:30,388.0625241953652,393.11928149833875,385.789832198616,387.5511779785156,313925,0.0,0.0
2016-08-23 00:00:00+05:30,390.4487906003627,391.59933290133546,380.96027769956487,384.7528381347656,296959,0.0,0.0
2016-08-24 00:00:00+05:30,384.7527862915779,388.9146456715982,383.517010774048,386.9544677734375,236312,0.0,0.0
2016-08-25 00:00:00+05:30,386.92615340160785,394.88057488048685,383.80120887948993,391.0028076171875,1146453,0.0,0.0
2016-08-26 00:00:00+05:30,388.91471621521237,392.2385473837941,386.3579584374237,388.07666015625,205312,0.0,0.0
2016-08-29 00:00:00+05:30,391.3863094857492,392.607861647039,386.10227277244826,390.26416015625,142009,0.0,0.0
2016-08-30 00:00:00+05:30,393.1049878804349,393.1049878804349,388.0056418778127,390.0652770996094,372171,0.0,0.0
2016-08-31 00:00:00+05:30,390.61928068113906,401.89753352609506,387.7784023482268,396.1731872558594,557134,0.0,0.0
2016-09-01 00:00:00+05:30,397.72139843766575,399.69580022723176,392.0680626587623,394.6248474121094,169062,0.0,0.0
2016-09-02 00:00:00+05:30,397.56016974243664,397.65991558808804,389.0104831200683,391.58966064453125,318718,1.408,0.0
2016-09-06 00:00:00+05:30,392.2594701943334,394.65337109470596,388.4406166338152,391.91748046875,686934,0.0,0.0
2016-09-07 00:00:00+05:30,393.5277197377824,396.57708990398424,391.6040375449109,393.18572998046875,246884,0.0,0.0
2016-09-08 00:00:00+05:30,395.18053578842853,395.4085379550419,390.6207098858116,393.9123229980469,183012,0.0,0.0
2016-09-09 00:00:00+05:30,396.10680335203364,396.42028258492394,389.2955470181821,390.7347412109375,225165,0.0,0.0
2016-09-12 00:00:00+05:30,386.2462682783471,388.56890696305277,373.62121126999807,376.0578918457031,299746,0.0,0.0
2016-09-14 00:00:00+05:30,378.46594861344045,380.888359811959,366.98087827017207,370.2297668457031,660453,0.0,0.0
2016-09-15 00:00:00+05:30,370.4863390348404,371.91129192840987,360.66846279162235,366.5534973144531,598696,0.0,0.0
2016-09-16 00:00:00+05:30,369.9162112124062,378.18092952544873,367.6362982911206,370.4434509277344,907387,0.0,0.0
2016-09-19 00:00:00+05:30,373.87767389886955,375.5875953881682,369.4745866547929,372.88018798828125,493843,0.0,0.0
2016-09-20 00:00:00+05:30,372.8801246229159,377.0409672995054,371.61193895591606,373.15087890625,262921,0.0,0.0
2016-09-21 00:00:00+05:30,373.03692560688813,381.01662201614965,371.91121062098824,377.4542541503906,670006,0.0,0.0
2016-09-22 00:00:00+05:30,380.46087380790647,383.02575567174506,377.38296664962553,380.77435302734375,239184,0.0,0.0
2016-09-23 00:00:00+05:30,381.8858414908686,388.86810673864005,380.28990757307446,380.9881286621094,889803,0.0,0.0
2016-09-26 00:00:00+05:30,381.0023498535156,385.2629384356709,379.0359159913801,381.0023498535156,289971,0.0,0.0
2016-09-27 00:00:00+05:30,381.7005991100748,386.16067973716514,380.66038835188397,385.22021484375,544696,0.0,0.0
2016-09-28 00:00:00+05:30,385.41971025713684,390.4212723663444,384.963733039334,388.3408508300781,300140,0.0,0.0
2016-09-29 00:00:00+05:30,389.90829328121833,391.57546249712703,371.6262082302479,386.51690673828125,2901575,0.0,0.0
2016-09-30 00:00:00+05:30,386.1322026022412,394.76739583011744,373.9061579324713,393.11444091796875,600990,0.0,0.0
2016-10-03 00:00:00+05:30,393.000378801603,396.1352523956415,388.8110257358888,394.7103271484375,176559,0.0,0.0
2016-10-04 00:00:00+05:30,393.8553641133497,396.0212897624225,390.7204903224924,393.7983703613281,156715,0.0,0.0
2016-10-05 00:00:00+05:30,393.57043192579187,403.2600501375886,392.84370036789045,400.1536865234375,336803,0.0,0.0
2016-10-06 00:00:00+05:30,400.43860885384146,405.4829227038559,395.194803287003,398.0447082519531,349768,0.0,0.0
2016-10-07 00:00:00+05:30,397.84519091507593,402.70425437835644,393.8553296568226,399.4696350097656,347809,0.0,0.0
2016-10-10 00:00:00+05:30,399.5551779509501,400.6951345382816,392.7724050008128,394.5535888671875,312125,0.0,0.0
2016-10-13 00:00:00+05:30,393.2854496794411,394.5393939203064,383.59580395092996,389.1673583984375,394168,0.0,0.0
2016-10-14 00:00:00+05:30,390.1220824843026,393.85543208373997,372.310240914977,381.3443908691406,562653,0.0,0.0
2016-10-17 00:00:00+05:30,384.22275579948877,388.6543259554801,374.7610859420501,376.58502197265625,286496,0.0,0.0
2016-10-18 00:00:00+05:30,379.02166905457835,389.5805153265216,376.75599765191185,388.41204833984375,384071,0.0,0.0
2016-10-19 00:00:00+05:30,388.44059870756996,391.54698938401344,386.4456813826568,388.8965759277344,131137,0.0,0.0
2016-10-20 00:00:00+05:30,388.6257770268773,390.43544392921865,384.165669979014,388.5687561035156,174309,0.0,0.0
2016-10-21 00:00:00+05:30,388.4406235272969,393.2854463505443,381.8858520457867,383.6813049316406,171890,0.0,0.0
2016-10-24 00:00:00+05:30,384.0232356367268,387.9988282853877,381.9570559193672,384.2369689941406,169912,0.0,0.0
2016-10-25 00:00:00+05:30,384.2370638356499,387.12969441097727,382.74087560703225,384.63604736328125,159850,0.0,0.0
2016-10-26 00:00:00+05:30,384.63597828672516,389.5805465550626,382.740806870829,385.1774597167969,216312,0.0,0.0
2016-10-27 00:00:00+05:30,384.4223151959047,390.43557860123803,379.6344856701354,387.2009582519531,709834,0.0,0.0
2016-10-28 00:00:00+05:30,386.97292774560873,393.3994430354879,383.76679092334905,392.0172424316406,291618,0.0,0.0
2016-11-01 00:00:00+05:30,391.8604575103819,396.1352879935568,389.010552402459,390.5780029296875,174262,0.0,0.0
2016-11-02 00:00:00+05:30,386.1036212844098,393.00035362088266,386.0751108226615,390.0649719238281,270412,0.0,0.0
2016-11-03 00:00:00+05:30,387.1011865871651,392.54448480808503,386.63094050013433,390.1648254394531,334709,0.0,0.0
2016-11-04 00:00:00+05:30,388.725570797592,396.99026272318883,388.725570797592,394.0691223144531,1091084,0.0,0.0
2016-11-07 00:00:00+05:30,394.7103965040766,408.81737092408486,387.6141435911953,390.62078857421875,489996,0.0,0.0
2016-11-08 00:00:00+05:30,392.7154078907811,395.8503088631728,385.4481745166576,394.15460205078125,175700,0.0,0.0
2016-11-09 00:00:00+05:30,378.46600413545684,390.43556391013857,359.7564495619236,385.7617492675781,304431,0.0,0.0
2016-11-10 00:00:00+05:30,389.58052646955696,393.7983630061721,387.57134047074726,389.0960388183594,315015,0.0,0.0
2016-11-11 00:00:00+05:30,386.98713487853433,387.54285792481267,379.320918196645,385.0349426269531,329087,0.0,0.0
2016-11-15 00:00:00+05:30,379.81965277833865,391.5612082013037,366.3538800840579,371.7117004394531,541265,0.0,0.0
2016-11-16 00:00:00+05:30,367.6649135637595,380.5036758424911,361.59462941156124,365.72698974609375,854690,0.0,0.0
2016-11-17 00:00:00+05:30,364.8862334054073,370.4862708836505,355.18234648152213,357.47650146484375,1017628,0.0,0.0
2016-11-18 00:00:00+05:30,356.23672121908214,358.8016299604523,346.5470780533303,347.40203857421875,564190,0.0,0.0
2016-11-21 00:00:00+05:30,349.11201814268264,351.04994151410494,323.3347264632076,329.7754821777344,545665,0.0,0.0
2016-11-22 00:00:00+05:30,329.16279286036536,332.5826627150202,322.90725951465873,330.91546630859375,487740,0.0,0.0
2016-11-23 00:00:00+05:30,330.8726529479523,334.6202701683446,319.287838825452,321.2542724609375,482612,0.0,0.0
2016-11-24 00:00:00+05:30,323.1780203067598,353.37264324110623,319.92913164920776,337.6269836425781,888737,0.0,0.0
2016-11-25 00:00:00+05:30,334.60614800500196,334.74864600412087,326.95417124247547,329.4478454589844,1044537,0.0,0.0
2016-11-28 00:00:00+05:30,329.8611261711184,336.1166344670259,329.8611261711184,333.1100158691406,240581,0.0,0.0
2016-11-29 00:00:00+05:30,334.94811901257054,337.71252024751965,332.19795942312163,332.73944091796875,249471,0.0,0.0
2016-11-30 00:00:00+05:30,333.58008951374694,335.83151924755566,330.8726826119222,333.4375915527344,572553,0.0,0.0
2016-12-01 00:00:00+05:30,334.8625858238841,336.2590279660973,327.48136446490423,329.3907775878906,1432218,0.0,0.0
2016-12-02 00:00:00+05:30,328.30786949917115,332.4971962783616,321.25436843704676,323.8620300292969,273943,0.0,0.0
2016-12-05 00:00:00+05:30,325.7143191861708,326.0705504312564,315.1839583349347,319.8720397949219,799800,0.0,0.0
2016-12-06 00:00:00+05:30,322.03808737674933,322.03808737674933,314.91335105062086,316.7942810058594,3197943,0.0,0.0
2016-12-07 00:00:00+05:30,318.39011327694897,320.3280363725719,315.4974838635,317.13616943359375,260518,0.0,0.0
2016-12-08 00:00:00+05:30,319.1881610326433,322.43704971624317,315.48329512468996,316.4522705078125,1030490,0.0,0.0
2016-12-09 00:00:00+05:30,319.4589327781571,320.99787298102206,316.708773280294,318.7607116699219,867575,0.0,0.0
2016-12-12 00:00:00+05:30,320.2996476673007,328.53583005030043,317.3642381077949,321.5963439941406,600481,0.0,0.0
2016-12-13 00:00:00+05:30,324.60293490837637,324.60293490837637,316.6232121759908,319.515869140625,1134784,0.0,0.0
2016-12-14 00:00:00+05:30,319.51586744073484,322.3087513571162,317.19320233164535,319.3163757324219,449390,0.0,0.0
2016-12-15 00:00:00+05:30,318.048202024565,322.30879099244794,316.6232494276529,317.1219787597656,210737,0.0,0.0
2016-12-16 00:00:00+05:30,317.67776716269015,319.886418133275,311.56473093134605,313.14642333984375,557340,0.0,0.0
2016-12-19 00:00:00+05:30,312.94691621593705,315.98204453507776,307.21862213361294,308.2731018066406,973396,0.0,0.0
2016-12-20 00:00:00+05:30,309.1992646097011,311.20845068684434,305.2236717436855,306.22113037109375,165921,0.0,0.0
2016-12-21 00:00:00+05:30,307.7886486738754,314.1581708271787,300.8206512123213,311.2797546386719,2895703,0.0,0.0
2016-12-22 00:00:00+05:30,310.6527510685112,315.4833049542503,308.5580606141341,313.744873046875,562853,0.0,0.0
2016-12-23 00:00:00+05:30,315.1983805612751,316.75156259156273,311.7784828436155,314.11541748046875,419981,0.0,0.0
2016-12-26 00:00:00+05:30,314.05841948265936,319.7582036374223,309.6125796883298,311.50775146484375,538643,0.0,0.0
2016-12-27 00:00:00+05:30,313.1749338102629,314.6283698699445,308.9285859767544,313.14642333984375,376590,0.0,0.0
2016-12-28 00:00:00+05:30,315.91084408448376,318.87473732708406,308.8431007504919,310.5672912597656,322096,0.0,0.0
2016-12-29 00:00:00+05:30,310.9235252748168,319.18821929223185,310.7952960957524,316.0533447265625,1176768,0.0,0.0
2016-12-30 00:00:00+05:30,317.40696091859775,319.47314073537694,314.07259536044444,316.3525085449219,259950,0.0,0.0
2017-01-02 00:00:00+05:30,318.9459598092838,328.30788528676743,314.3576493066716,325.1872253417969,597528,0.0,0.0
2017-01-03 00:00:00+05:30,328.30786441456553,337.9974830310953,327.7378724601573,335.3755798339844,962240,0.0,0.0
2017-01-04 00:00:00+05:30,336.2874906818697,337.7124430889929,326.05636555674704,328.1082763671875,298959,0.0,0.0
2017-01-05 00:00:00+05:30,331.6991327845963,335.7174771131445,329.9607012883608,334.66302490234375,160250,0.0,0.0
2017-01-06 00:00:00+05:30,336.14499025653197,339.92109100579745,331.7276622877019,332.7963562011719,370828,0.0,0.0
2017-01-09 00:00:00+05:30,332.34044442974164,353.1019361717101,330.58777084675,336.5867919921875,874996,0.0,0.0
2017-01-10 00:00:00+05:30,339.67892052196356,340.8473877187811,332.12671739314686,339.75018310546875,832275,0.0,0.0
2017-01-11 00:00:00+05:30,341.97300407763436,343.4121980116414,335.4609865037842,337.2991638183594,723459,0.0,0.0
2017-01-12 00:00:00+05:30,339.99239909455997,348.2570914873142,335.74605179901914,346.931884765625,752196,0.0,0.0
2017-01-13 00:00:00+05:30,347.6300373328898,349.9669438957917,342.84220954103137,343.7684326171875,559521,0.0,0.0
2017-01-16 00:00:00+05:30,344.153288181201,347.11718126217676,339.9924445510727,341.2321472167969,232481,0.0,0.0
2017-01-17 00:00:00+05:30,342.5572750818211,347.68706584875997,340.0493598583729,342.11553955078125,544487,0.0,0.0
2017-01-18 00:00:00+05:30,342.1155189502902,342.1155189502902,336.3159636466174,338.9378662109375,560781,0.0,0.0
2017-01-19 00:00:00+05:30,341.13233432722774,341.13233432722774,334.4065824536837,336.3730163574219,528271,0.0,0.0
2017-01-20 00:00:00+05:30,336.57259992801045,337.5843004422856,331.02955521262834,333.6514587402344,657296,0.0,0.0
2017-01-23 00:00:00+05:30,335.86009370776475,338.8524973439561,330.87277243325536,333.55169677734375,273512,0.0,0.0
2017-01-24 00:00:00+05:30,336.1450638352356,340.9471346226697,333.7654044987635,339.63616943359375,399553,0.0,0.0
2017-01-25 00:00:00+05:30,339.992392416501,341.8305700749344,337.9974479617722,340.2203674316406,788568,0.0,0.0
2017-01-27 00:00:00+05:30,337.9974453635642,345.392935229174,337.9974453635642,342.8992614746094,343771,0.0,0.0
2017-01-30 00:00:00+05:30,339.57913752845224,345.40717687283336,339.57913752845224,342.8992614746094,232506,0.0,0.0
2017-01-31 00:00:00+05:30,343.95376446598954,343.95376446598954,323.747996288545,337.8407287597656,4024100,0.0,0.0
2017-02-01 00:00:00+05:30,339.13742097829515,343.1272829020402,331.67069529710284,339.0946960449219,884521,0.0,0.0
2017-02-02 00:00:00+05:30,342.27230968337636,342.27230968337636,333.1526295023237,340.932861328125,703175,0.0,0.0
2017-02-03 00:00:00+05:30,341.36030301749327,349.11202380767577,336.4727559922927,346.6611022949219,528684,0.0,0.0
2017-02-06 00:00:00+05:30,348.39955908952305,370.2012312155428,343.71147662880537,362.0362854003906,4622246,0.0,0.0
2017-02-07 00:00:00+05:30,365.58450055361675,367.5651765355095,356.26535428632263,358.9157409667969,1340231,0.0,0.0
2017-02-08 00:00:00+05:30,360.22664474968093,369.0613017478992,359.37165690182013,367.23736572265625,758843,0.0,0.0
2017-02-09 00:00:00+05:30,369.06136301105056,375.9011038570573,366.3539554008218,374.21966552734375,795700,0.0,0.0
2017-02-10 00:00:00+05:30,376.1860895721433,379.6059599016785,374.26240741577107,378.1097717285156,827243,0.0,0.0
2017-02-13 00:00:00+05:30,380.46084983867934,380.7458185753473,367.8785492440962,371.59765625,976571,0.0,0.0
2017-02-14 00:00:00+05:30,370.48629764020603,370.48629764020603,352.53195841619663,363.86029052734375,2223615,0.0,0.0
2017-02-15 00:00:00+05:30,361.6515405229268,361.6515405229268,349.69625224155516,350.4372253417969,1136478,0.0,0.0
2017-02-16 00:00:00+05:30,349.967080591211,355.90910875485247,349.41135739993643,351.63427734375,684281,0.0,0.0
2017-02-17 00:00:00+05:30,353.37254816739755,354.2987711824403,347.1170435578649,348.114501953125,552025,0.0,0.0
2017-02-20 00:00:00+05:30,349.6820363413967,352.7456476454012,348.2570837854608,349.0122985839844,745475,0.0,0.0
2017-02-21 00:00:00+05:30,348.54205255368043,351.2637013358214,348.413823402659,349.0122985839844,265537,0.0,0.0
2017-02-22 00:00:00+05:30,351.1236135697116,351.56883936570847,345.6373075357075,348.9549560546875,520625,3.072,0.0
2017-02-23 00:00:00+05:30,347.56179948940013,350.9799542431738,339.8062753567715,340.8116149902344,491815,0.0,0.0
2017-02-27 00:00:00+05:30,341.1849839985078,352.1575930765514,338.9445014595267,349.7447509765625,2374721,0.0,0.0
2017-02-28 00:00:00+05:30,350.1469242954967,354.08213017451726,345.83831831667504,349.2565002441406,1993637,0.0,0.0
2017-03-01 00:00:00+05:30,351.87038664474045,353.881065802521,349.3857460320836,351.48260498046875,1128787,0.0,0.0
2017-03-02 00:00:00+05:30,353.3065609915762,354.94383987532024,349.37135548296385,352.67462158203125,1064578,0.0,0.0
2017-03-03 00:00:00+05:30,353.30659151028584,355.89176603493223,351.87038039732136,354.2975769042969,553981,0.0,0.0
2017-03-06 00:00:00+05:30,357.4571821950645,358.18965553898516,353.32090886527294,355.61883544921875,473681,0.0,0.0
2017-03-07 00:00:00+05:30,357.227368010043,360.45883573355945,355.7624487589898,358.2183532714844,615959,0.0,0.0
2017-03-08 00:00:00+05:30,356.4949380377532,356.75344998851637,345.2781710602121,352.63153076171875,1547375,0.0,0.0
2017-03-09 00:00:00+05:30,352.44486039875574,354.1682917442438,348.9979429208849,350.4197998046875,779331,0.0,0.0
2017-03-10 00:00:00+05:30,350.7214106470162,360.24345536419827,349.1559572721811,356.58111572265625,648687,0.0,0.0
2017-03-14 00:00:00+05:30,360.63115828748613,363.79080007438336,355.3459223643666,356.6959533691406,1357387,0.0,0.0
2017-03-15 00:00:00+05:30,358.86465221902154,363.34561721063426,355.3172284490228,360.22906494140625,711271,0.0,0.0
2017-03-16 00:00:00+05:30,361.78022927821604,363.41750840446485,351.45391210262113,356.1933898925781,1542996,0.0,0.0
2017-03-17 00:00:00+05:30,358.76415438343207,361.34932886135635,353.9241430174332,356.58111572265625,1513925,0.0,0.0
2017-03-20 00:00:00+05:30,356.27954602482964,364.42285184416096,356.27954602482964,358.2902526855469,1055009,0.0,0.0
2017-03-21 00:00:00+05:30,360.4588734475142,361.6078368257061,355.0731024759679,356.107177734375,835037,0.0,0.0
2017-03-22 00:00:00+05:30,355.02999698659136,357.6151713223212,349.71605186843254,356.5667419433594,3839734,0.0,0.0
2017-03-23 00:00:00+05:30,359.62588252047624,361.3493138384764,356.30823477348315,357.74444580078125,499425,0.0,0.0
2017-03-24 00:00:00+05:30,359.2812057977348,363.9345034230001,358.3620186487213,359.1662902832031,940340,0.0,0.0
2017-03-27 00:00:00+05:30,361.92381101340413,362.2397670314771,353.3352805325375,354.58477783203125,933071,0.0,0.0
2017-03-28 00:00:00+05:30,355.3460809358131,358.7642361607141,351.87045424383535,357.29931640625,1877675,0.0,0.0
2017-03-29 00:00:00+05:30,358.1896912710688,362.3259650134844,354.6278855352242,361.3062438964844,1285068,0.0,0.0
2017-03-30 00:00:00+05:30,361.3062689140701,368.51603328022225,356.4949928762822,364.1643371582031,2301631,0.0,0.0
2017-03-31 00:00:00+05:30,367.45320105543306,369.99528570404874,364.39409245550354,365.8590393066406,1065893,0.0,0.0
2017-04-03 00:00:00+05:30,365.8877351188969,370.03836293483823,358.79288692775805,363.0727844238281,2399453,0.0,0.0
2017-04-05 00:00:00+05:30,354.0246985734166,367.56095259809365,353.4502305396297,363.64727783203125,3716005,0.0,1.25
2017-04-06 00:00:00+05:30,368.0277790330631,380.5945812439482,367.57896466838866,377.6503601074219,2390705,0.0,0.0
2017-04-07 00:00:00+05:30,380.07391262011254,408.9057387747161,376.10638216799055,402.58642578125,4963457,0.0,0.0
2017-04-10 00:00:00+05:30,409.3006076884125,411.4728530760556,395.87206710130374,406.1947937011719,1601867,0.0,0.0
2017-04-11 00:00:00+05:30,405.8357187150126,416.8585935806192,405.2971362349554,414.7402038574219,1172800,0.0,0.0
2017-04-12 00:00:00+05:30,416.4995066777494,418.29476317205007,407.90024012316303,411.688232421875,904220,0.0,0.0
2017-04-13 00:00:00+05:30,412.1371511112783,426.5530622265859,409.69560056383114,423.32159423828125,1104502,0.0,0.0
2017-04-17 00:00:00+05:30,425.475852764899,427.2711095276201,414.3811791201359,425.02703857421875,916507,0.0,0.0
2017-04-18 00:00:00+05:30,422.4239921135999,429.78452963079513,422.24445545004323,427.4866027832031,868357,0.0,0.0
2017-04-19 00:00:00+05:30,427.5224640493036,440.7355555266132,425.4758723413741,437.48614501953125,1125622,0.0,0.0
2017-04-20 00:00:00+05:30,438.0426660593981,445.2236933718472,417.23564599600354,422.9445495605469,2370662,0.0,0.0
2017-04-21 00:00:00+05:30,425.4759467258919,433.2673562223093,421.9392879308294,428.83306884765625,954715,0.0,0.0
2017-04-24 00:00:00+05:30,430.8437523816473,434.54197754822343,424.0756255844329,432.2619934082031,527265,0.0,0.0
2017-04-25 00:00:00+05:30,432.692789463321,437.34249787040744,431.4720006289892,435.7447204589844,868792,0.0,0.0
2017-04-26 00:00:00+05:30,436.24739015740215,440.50213988809696,433.73404166531327,435.7447204589844,647787,0.0,0.0
2017-04-27 00:00:00+05:30,436.2294992491173,439.6045637116116,431.22071698261266,435.0805358886719,784455,0.0,0.0
2017-04-28 00:00:00+05:30,435.5652055236958,438.70690499202817,435.026650386738,437.2707214355469,867095,0.0,0.0
2017-05-02 00:00:00+05:30,437.3246079767126,437.59388556429633,428.1867291986269,430.7180480957031,784982,0.0,0.0
2017-05-03 00:00:00+05:30,430.50263621892805,436.2295104603508,420.0901400884729,421.41864013671875,352512,0.0,0.0
2017-05-04 00:00:00+05:30,425.15274896049453,430.86165271004853,421.3467857340124,427.3968200683594,436942,0.0,0.0
2017-05-05 00:00:00+05:30,427.25323486328125,428.02518224533355,422.3162779795697,427.25323486328125,460637,0.0,0.0
2017-05-08 00:00:00+05:30,427.14543539239764,435.5293087176751,418.6179656299846,423.8780822753906,1022740,0.0,0.0
2017-05-09 00:00:00+05:30,428.16882232850503,431.0951001945996,420.8082571927316,429.5511779785156,496552,0.0,0.0
2017-05-10 00:00:00+05:30,430.8616940745057,435.17030005787126,426.9121340241791,428.6714782714844,511770,0.0,0.0
2017-05-11 00:00:00+05:30,434.3624684011707,434.3624684011707,411.49090950301655,417.89996337890625,975807,0.0,0.0
2017-05-12 00:00:00+05:30,420.09006671414966,426.19392852099503,417.16378953481166,424.7218322753906,605837,0.0,0.0
2017-05-15 00:00:00+05:30,428.31238626676327,428.31238626676327,421.9033061079462,424.59619140625,315807,0.0,0.0
2017-05-16 00:00:00+05:30,427.217286600328,437.21685328676637,426.05038057293643,430.6103210449219,1092847,0.0,0.0
2017-05-17 00:00:00+05:30,430.86167949668226,434.43425078415015,425.56567683155845,428.7791748046875,325330,0.0,0.0
2017-05-18 00:00:00+05:30,425.47585570542395,434.45213958106586,422.2982435432823,429.2279357910156,896127,0.0,0.0
2017-05-19 00:00:00+05:30,432.65688233852467,441.63316620446915,427.271112018958,430.21533203125,1138560,0.0,0.0
2017-05-22 00:00:00+05:30,433.3749899294281,437.1450402482905,424.7577790179348,430.9154968261719,685867,0.0,0.0
2017-05-23 00:00:00+05:30,431.2207657700019,449.3887869164356,419.3720849111455,438.40179443359375,2824642,0.0,0.0
2017-05-24 00:00:00+05:30,443.53618589959143,448.81424581330754,421.1493291269478,423.57293701171875,1834300,0.0,0.0
2017-05-25 00:00:00+05:30,425.96066865709525,428.76126540846116,411.4011321771789,414.6505432128906,1218327,0.0,0.0
2017-05-26 00:00:00+05:30,426.87617066933143,436.60645948786936,425.69129457649194,433.91357421875,1685455,0.0,0.0
2017-05-29 00:00:00+05:30,435.85245837134784,435.85245837134784,412.2268715143327,423.788330078125,745555,0.0,0.0
2017-05-30 00:00:00+05:30,427.2352780610818,427.2352780610818,413.7529070678548,418.97711181640625,328910,0.0,0.0
2017-05-31 00:00:00+05:30,420.09009603686417,424.68594911482904,415.06337146029813,416.5713806152344,898652,0.0,0.0
2017-06-01 00:00:00+05:30,418.92323649204417,420.0721998888804,410.09054784914576,417.2715759277344,973500,0.0,0.0
2017-06-02 00:00:00+05:30,417.5767855980336,421.88539140392874,415.76355851168256,417.4151916503906,610937,0.0,0.0
2017-06-05 00:00:00+05:30,420.05432209625445,422.7292655050044,417.2178120946586,421.0596618652344,347132,0.0,0.0
2017-06-06 00:00:00+05:30,422.85485688972796,423.6806872315176,418.0076680653455,420.2517395019531,240315,0.0,0.0
2017-06-07 00:00:00+05:30,423.28571257755306,424.39876320242377,420.2517237261999,422.334228515625,633242,0.0,0.0
2017-06-08 00:00:00+05:30,426.55303871486757,426.55303871486757,417.2176811757889,418.60003662109375,429882,0.0,0.0
2017-06-09 00:00:00+05:30,419.8926800069992,425.9606577417655,415.1532023814955,423.949951171875,397160,0.0,0.0
2017-06-12 00:00:00+05:30,423.68059292483304,425.47584967451456,418.9590589072686,421.02362060546875,160810,0.0,0.0
2017-06-13 00:00:00+05:30,421.0236679261521,422.4598789660081,418.1333031385664,419.7490234375,212580,0.0,0.0
2017-06-14 00:00:00+05:30,421.49043728942496,421.49043728942496,407.79261758034386,412.2628173828125,467577,0.0,0.0
2017-06-15 00:00:00+05:30,413.9503072206393,416.82270160204814,406.122986647281,407.9182434082031,244792,0.0,0.0
2017-06-16 00:00:00+05:30,410.0366413876314,412.19097145831546,404.29182511717835,407.7746276855469,553125,0.0,0.0
2017-06-19 00:00:00+05:30,408.31326390979456,413.86060156653974,402.1375753342103,406.7334289550781,404715,0.0,0.0
2017-06-20 00:00:00+05:30,409.03128923947963,430.3948608905455,405.7998216274296,425.9964599609375,1589987,0.0,0.0
2017-06-21 00:00:00+05:30,430.8616635117003,433.2493585175413,425.1527596190248,428.4739685058594,2134302,0.0,0.0
2017-06-22 00:00:00+05:30,429.38945688039433,435.6369695198934,428.0250717373413,430.5204772949219,1180870,0.0,0.0
2017-06-23 00:00:00+05:30,431.22072188664237,432.6389902437033,415.56607880163745,418.00762939453125,590097,0.0,0.0
2017-06-27 00:00:00+05:30,420.44906358850994,420.44906358850994,404.2019869097445,407.1103210449219,607062,0.0,0.0
2017-06-28 00:00:00+05:30,407.7925548880179,425.11679875269107,405.04581428511324,406.4820251464844,751715,0.0,0.0
2017-06-29 00:00:00+05:30,409.1031327381923,412.98086664876917,405.4049080734741,407.002685546875,857795,0.0,0.0
2017-06-30 00:00:00+05:30,407.00267230684364,414.70431175780163,403.4480441970684,411.4908142089844,502965,0.0,0.0
2017-07-03 00:00:00+05:30,412.90918922093147,418.29496125424794,409.5161539356802,415.17120361328125,242172,0.0,0.0
2017-07-04 00:00:00+05:30,413.96822615577173,423.1419887730469,413.96822615577173,418.70770263671875,356292,0.0,0.0
2017-07-05 00:00:00+05:30,419.0129508015624,422.9266251002869,415.65582915405815,418.671875,206080,0.0,0.0
2017-07-06 00:00:00+05:30,418.67179126431625,422.71111849395993,417.4689452719276,419.3180847167969,182110,0.0,0.0
2017-07-07 00:00:00+05:30,417.5767339663039,426.28371282943465,417.5767339663039,425.02703857421875,261570,0.0,0.0
2017-07-10 00:00:00+05:30,427.27119447680786,433.1955484503443,424.219262852092,430.95147705078125,154667,0.0,0.0
2017-07-11 00:00:00+05:30,431.22071334166685,435.8704222615973,419.21043997908095,421.328857421875,589710,0.0,0.0
2017-07-12 00:00:00+05:30,422.9266266443484,428.97663367228853,420.8441220518625,421.867431640625,349400,0.0,0.0
2017-07-13 00:00:00+05:30,422.96251803119793,426.6607426999108,419.3720043888056,422.9266052246094,715255,0.0,0.0
2017-07-14 00:00:00+05:30,422.92669804963583,428.16884583087517,420.0901883623681,421.1493835449219,459032,0.0,0.0
2017-07-17 00:00:00+05:30,423.32161874845093,425.42206621410236,419.1207238171482,422.6932678222656,661260,0.0,0.0
2017-07-18 00:00:00+05:30,420.95180390784316,428.7073263795258,420.449134198765,426.05035400390625,1102860,0.0,0.0
2017-07-19 00:00:00+05:30,425.90677179037584,429.03050137438476,422.60347815922944,423.5549621582031,608977,0.0,0.0
2017-07-20 00:00:00+05:30,425.97853594777064,428.31237529185506,422.28031128247994,423.7165222167969,243735,0.0,0.0
2017-07-21 00:00:00+05:30,423.71651573852955,427.2172610044102,421.22110989326643,423.8780822753906,1020272,0.0,0.0
2017-07-24 00:00:00+05:30,426.858293764849,426.858293764849,420.0901667416236,422.4060363769531,566030,0.0,0.0
2017-07-25 00:00:00+05:30,424.5423883357915,424.5423883357915,419.3720665518977,420.35943603515625,761402,0.0,0.0
2017-07-26 00:00:00+05:30,420.3594098096372,423.37545577273767,418.65392116178964,421.16729736328125,645647,0.0,0.0
2017-07-27 00:00:00+05:30,422.1725899958654,425.5476541070215,416.0866706212907,418.07940673828125,865420,0.0,0.0
2017-07-28 00:00:00+05:30,417.9357884186876,418.29483429991274,408.60045853961026,409.7673645019531,615132,0.0,0.0
2017-07-31 00:00:00+05:30,410.07254639256024,413.98622037930124,407.8284754394926,410.7008972167969,515972,0.0,0.0
2017-08-01 00:00:00+05:30,422.92666676680057,430.8257869721265,419.7490540607282,422.1367492675781,2241407,0.0,0.0
2017-08-02 00:00:00+05:30,424.7577822814221,425.9964864992185,419.3899544305218,420.98773193359375,612765,0.0,0.0
2017-08-03 00:00:00+05:30,422.5675382201508,436.6064316156834,420.44912103242126,423.5908203125,1618200,0.0,0.0
2017-08-04 00:00:00+05:30,425.09885197814987,431.50793199888,421.52630842451106,423.5369873046875,1518432,0.0,0.0
2017-08-07 00:00:00+05:30,426.48119847957906,434.02127151588684,423.73445778344865,425.26043701171875,714917,0.0,0.0
2017-08-08 00:00:00+05:30,425.2604803578595,428.1149323693457,413.7169637815534,419.56951904296875,668292,0.0,0.0
2017-08-09 00:00:00+05:30,416.85864907824606,427.59427773129585,411.1676879600097,419.6772155761719,574017,0.0,0.0
2017-08-10 00:00:00+05:30,418.187171576628,422.02902047571473,409.48016413565074,411.2754211425781,580522,0.0,0.0
2017-08-11 00:00:00+05:30,408.60049211756075,418.95910497905146,393.5562301349515,415.7635498046875,1042495,0.0,0.0
2017-08-14 00:00:00+05:30,421.88546889984065,423.32168023010513,417.09213515742704,420.108154296875,611237,0.0,0.0
2017-08-16 00:00:00+05:30,421.8853750448236,448.38335724982795,421.8853750448236,441.7768249511719,1983637,0.0,0.0
2017-08-17 00:00:00+05:30,442.3512780001494,455.1694108457945,441.77681005128983,445.85205078125,1359495,0.0,0.0
2017-08-18 00:00:00+05:30,444.8646645649321,454.88220133762286,440.19698567525245,450.3042907714844,1224845,0.0,0.0
2017-08-21 00:00:00+05:30,455.6362022059946,463.0326791886069,434.86506692894926,438.7428283691406,1939795,0.0,0.0
2017-08-22 00:00:00+05:30,441.63320041864836,461.3810264536286,438.88645953434957,458.2931823730469,1846162,0.0,0.0
2017-08-23 00:00:00+05:30,461.38099060589883,468.3824810623849,448.81419319639963,451.6866149902344,3215980,0.0,0.0
2017-08-24 00:00:00+05:30,455.6003725960647,457.80853129436196,450.7890964217649,455.2054138183594,877472,0.0,0.0
2017-08-28 00:00:00+05:30,454.43345057904037,463.5354174670526,452.20732185417273,462.06329345703125,523682,0.0,0.0
2017-08-29 00:00:00+05:30,460.3038057201197,460.3038057201197,449.35275631479436,452.3687744140625,432997,0.0,0.0
2017-08-30 00:00:00+05:30,452.5843077213197,472.5116716897254,452.5843077213197,470.842041015625,1124717,0.0,0.0
2017-08-31 00:00:00+05:30,473.92993313926473,482.5651159328263,471.4345541075902,473.9120178222656,2105287,0.0,0.0
2017-09-01 00:00:00+05:30,474.8095937028572,480.3030757702137,474.8095937028572,478.7412109375,740665,0.0,0.0
2017-09-04 00:00:00+05:30,476.1022298756403,477.8795169663102,464.7202510505274,472.70916748046875,963365,0.0,0.0
2017-09-05 00:00:00+05:30,472.15257772173834,487.1608995219521,472.15257772173834,484.82708740234375,963250,0.0,0.0
2017-09-06 00:00:00+05:30,479.3336713781642,501.03832430546635,473.9478997896455,497.8247985839844,1724297,0.0,0.0
2017-09-07 00:00:00+05:30,502.4386647747999,502.67205699573867,491.2003362544423,493.6957702636719,1153802,0.0,0.0
2017-09-08 00:00:00+05:30,497.64525619835126,498.0042747218012,484.4141662499781,488.25604248046875,872807,0.0,0.0
2017-09-11 00:00:00+05:30,491.46953990619244,507.33960411562566,491.3977142908226,505.0057373046875,2939492,0.0,0.0
2017-09-12 00:00:00+05:30,508.07078300729086,508.07078300729086,499.2363477923867,504.57305908203125,1591842,2.4,0.0
2017-09-13 00:00:00+05:30,506.6285055781927,507.71028563357316,492.20491823077083,494.31439208984375,948790,0.0,0.0
2017-09-14 00:00:00+05:30,498.6954424049795,502.91433424590616,483.65886224733566,491.93438720703125,1324470,0.0,0.0
2017-09-15 00:00:00+05:30,498.0644849236751,499.32657078552234,485.37171305115095,488.5088806152344,4276310,0.0,0.0
2017-09-18 00:00:00+05:30,491.483616822272,497.2530171864827,489.32005729719026,492.9440002441406,332227,0.0,0.0
2017-09-19 00:00:00+05:30,495.05353582228577,497.18105670069156,487.15666823412465,488.3826599121094,300072,0.0,0.0
2017-09-20 00:00:00+05:30,489.46441637695887,495.3960765724785,489.3922830400729,492.43927001953125,513505,0.0,0.0
2017-09-21 00:00:00+05:30,492.20498884580866,493.791592485109,480.846434188787,484.45233154296875,406247,0.0,0.0
2017-09-22 00:00:00+05:30,483.1901037658354,483.1901037658354,468.7665185787955,471.14642333984375,512517,0.0,0.0
2017-09-25 00:00:00+05:30,471.29061187516413,471.29061187516413,453.49552332659187,462.9970397949219,920380,0.0,0.0
2017-09-26 00:00:00+05:30,462.3661265732095,469.1271828887373,456.16395233389403,464.61981201171875,862230,0.0,0.0
2017-09-27 00:00:00+05:30,465.25079207843265,467.9372224905731,452.5400284280444,455.280517578125,928485,0.0,0.0
2017-09-28 00:00:00+05:30,456.65080027486744,489.4824775136453,451.04362926090243,475.7440185546875,1532375,0.0,0.0
2017-09-29 00:00:00+05:30,473.3458258408066,488.09392236883315,467.3600272671353,485.5877990722656,1147842,0.0,0.0
2017-10-03 00:00:00+05:30,490.40185546875,490.40185546875,472.60676753148437,477.7812194824219,940155,0.0,0.0
2017-10-04 00:00:00+05:30,478.8268930991051,481.7477150008136,473.79670792630685,478.8449401855469,868317,0.0,0.0
2017-10-05 00:00:00+05:30,478.84502178204286,486.9042027052966,473.94100031386324,476.9699401855469,659497,0.0,0.0
2017-10-06 00:00:00+05:30,477.05999890848386,482.4507952238448,476.03230545724773,478.9891662597656,657130,0.0,0.0
2017-10-09 00:00:00+05:30,482.10827122257064,482.10827122257064,476.4289961797162,477.67303466796875,264997,0.0,0.0
2017-10-10 00:00:00+05:30,482.1082680006075,487.58924514253926,476.75351041962125,479.313720703125,1360535,0.0,0.0
2017-10-11 00:00:00+05:30,482.4328464048422,486.5255739585143,467.8109631781637,471.97576904296875,943542,0.0,0.0
2017-10-12 00:00:00+05:30,476.8076650364213,492.2048580533732,476.8076650364213,488.9054870605469,1110702,0.0,0.0
2017-10-13 00:00:00+05:30,492.00670576073884,494.3685641973279,482.6854366091527,491.9706115722656,1103292,0.0,0.0
2017-10-16 00:00:00+05:30,492.9260890269693,499.52488687358164,486.79607537838024,490.20367431640625,668917,0.0,0.0
2017-10-17 00:00:00+05:30,485.3536431147831,493.2866036292839,480.5037083981379,483.7489929199219,1582085,0.0,0.0
2017-10-18 00:00:00+05:30,484.93895924844685,489.30211791925274,474.7883525040371,476.7716064453125,1210740,0.0,0.0
2017-10-19 00:00:00+05:30,479.9447941573664,480.7380957031425,470.5694422645257,475.7078552246094,45897,0.0,0.0
2017-10-23 00:00:00+05:30,473.99501832028784,484.63240051876306,471.2905963195769,480.1250305175781,1043390,0.0,0.0
2017-10-24 00:00:00+05:30,483.19002713027766,490.40181857998334,477.79923062853544,483.4063720703125,383480,0.0,0.0
2017-10-25 00:00:00+05:30,484.9931269510529,493.21456737793596,480.46770879154303,490.20367431640625,667725,0.0,0.0
2017-10-26 00:00:00+05:30,487.1564678596795,504.53685426697,484.0914349037923,493.3586120605469,1509792,0.0,0.0
2017-10-27 00:00:00+05:30,493.9355933686268,499.27235879077017,485.08311253956464,491.9884338378906,755365,0.0,0.0
2017-10-30 00:00:00+05:30,491.6639475323046,496.09918425969136,485.3355823691452,494.332275390625,762710,0.0,0.0
2017-10-31 00:00:00+05:30,492.655655018578,504.46494514303805,491.1592320417577,498.4611511230469,1827207,0.0,0.0
2017-11-01 00:00:00+05:30,501.8867497470776,506.6285129600921,477.07816154111697,501.2557067871094,1730507,0.0,0.0
2017-11-02 00:00:00+05:30,498.33487144067635,502.0309482633843,490.5641691009512,497.4154052734375,1665305,0.0,0.0
2017-11-03 00:00:00+05:30,497.2531557371628,503.7437810993,493.66530596295644,497.5777282714844,871747,0.0,0.0
2017-11-06 00:00:00+05:30,498.3347547273624,511.3160007348015,498.3347547273624,501.85052490234375,1504982,0.0,0.0
2017-11-07 00:00:00+05:30,501.94073783555194,506.97097841855384,477.43867986654345,479.16949462890625,1372520,0.0,0.0
2017-11-08 00:00:00+05:30,482.5050782220318,490.40200161024467,479.07948700922594,482.6132507324219,326270,0.0,0.0
2017-11-09 00:00:00+05:30,483.5868078708772,491.91642043120737,478.86309200482793,482.0542907714844,552082,0.0,0.0
2017-11-10 00:00:00+05:30,479.22358480220413,488.58088987868194,479.22358480220413,486.6697692871094,407015,0.0,0.0
2017-11-13 00:00:00+05:30,490.0412563689137,491.84420441298124,482.41482135633703,483.2982482910156,582427,0.0,0.0
2017-11-14 00:00:00+05:30,484.3079536989213,486.79603110580933,477.0601214880161,482.0903625488281,441770,0.0,0.0
2017-11-15 00:00:00+05:30,481.6574916792643,490.455885708608,477.2403026013586,480.5396728515625,243555,0.0,0.0
2017-11-16 00:00:00+05:30,481.351157278175,485.6782221968758,469.12716999649683,477.7993469238281,458577,0.0,0.0
2017-11-17 00:00:00+05:30,482.4689267643761,489.64462505101284,480.7381119793594,485.1192626953125,588532,0.0,0.0
2017-11-20 00:00:00+05:30,486.3452184534087,501.21953931435627,483.92927475858687,491.2852783203125,1234665,0.0,0.0
2017-11-21 00:00:00+05:30,496.53191081373876,499.0199880707511,485.73226897370375,489.3381652832031,436620,0.0,0.0
2017-11-22 00:00:00+05:30,489.3201952570671,493.5390880010153,487.1566901436069,490.1495361328125,1010215,0.0,0.0
2017-11-23 00:00:00+05:30,490.4018757847451,490.4018757847451,480.14309684913695,481.946044921875,405637,0.0,0.0
2017-11-24 00:00:00+05:30,484.993078955931,488.68910085754436,480.50375542306955,485.3175964355469,364047,0.0,0.0
2017-11-27 00:00:00+05:30,487.03036883214406,487.03036883214406,473.7967366585532,479.34979248046875,655600,0.0,0.0
2017-11-28 00:00:00+05:30,478.86308803515925,483.17210593786325,474.8965796956849,479.9628601074219,730507,0.0,0.0
2017-11-29 00:00:00+05:30,481.02659994810085,482.10837996731954,477.2945386631415,478.7008361816406,313172,0.0,0.0
2017-11-30 00:00:00+05:30,477.78125779781845,478.10577525830587,470.1908615233834,471.6512451171875,738470,0.0,0.0
2017-12-01 00:00:00+05:30,475.4735228754637,475.4735228754637,458.56185919589524,460.7434387207031,714855,0.0,0.0
2017-12-04 00:00:00+05:30,461.5546971141719,470.2088256764196,454.73955574045976,467.4503173828125,557047,0.0,0.0
2017-12-05 00:00:00+05:30,468.7304905574618,468.7304905574618,460.9597607442877,465.1786804199219,302527,0.0,0.0
2017-12-06 00:00:00+05:30,463.35768364610504,472.37242457307207,461.7350412835734,468.6583557128906,768267,0.0,0.0
2017-12-07 00:00:00+05:30,470.2088162053373,475.5635739640832,465.5391874897775,469.9383850097656,678385,0.0,0.0
2017-12-08 00:00:00+05:30,470.5513750274403,471.65120190491905,466.33248336280286,468.56817626953125,510837,0.0,0.0
2017-12-11 00:00:00+05:30,471.65131661226803,471.65131661226803,465.1606913105872,468.5321960449219,760285,0.0,0.0
2017-12-12 00:00:00+05:30,468.405957139905,470.9301288354432,466.36867173205144,468.5141296386719,725525,0.0,0.0
2017-12-13 00:00:00+05:30,464.4393872276027,468.89267071445875,464.11486981275567,467.2159423828125,306300,0.0,0.0
2017-12-14 00:00:00+05:30,463.35772194360294,468.7665669468356,460.47299360422215,465.50323486328125,141565,0.0,0.0
2017-12-15 00:00:00+05:30,468.7665790357737,469.4877473838128,465.5032468680618,468.5862731933594,406172,0.0,0.0
2017-12-18 00:00:00+05:30,468.5862252103285,474.49989309328106,454.8477687580895,472.426513671875,329147,0.0,0.0
2017-12-19 00:00:00+05:30,473.77868128046015,486.7959682622635,472.8050739378856,485.5699768066406,629247,0.0,0.0
2017-12-20 00:00:00+05:30,485.7141999162825,490.4740092399078,483.1900836181215,486.7238464355469,542342,0.0,0.0
2017-12-21 00:00:00+05:30,488.9593811035156,492.83570720116643,486.2729519297949,488.9593811035156,504890,0.0,0.0
2017-12-22 00:00:00+05:30,488.95948790509476,493.28655182021186,486.3091523160751,491.447509765625,505802,0.0,0.0
2017-12-26 00:00:00+05:30,494.6928952037588,504.0862391465881,491.12303825379536,502.7520751953125,381885,0.0,0.0
2017-12-27 00:00:00+05:30,504.8074778123084,511.67670644585627,487.6614768633625,490.99688720703125,870020,0.0,0.0
2017-12-28 00:00:00+05:30,490.99685872908753,502.33741830465317,487.5352289997808,496.027099609375,580502,0.0,0.0
2017-12-29 00:00:00+05:30,497.5776864182516,502.60787250688185,494.07996235124114,497.37933349609375,409037,0.0,0.0
2018-01-01 00:00:00+05:30,500.4983910401813,513.8401956420029,493.28659882064443,494.2781982421875,171920,0.0,0.0
2018-01-02 00:00:00+05:30,497.217022681666,497.217022681666,484.99303681703043,487.76959228515625,233057,0.0,0.0
2018-01-03 00:00:00+05:30,492.20473149967256,497.0005790758509,486.7598491494662,494.0257263183594,314230,0.0,0.0
2018-01-04 00:00:00+05:30,494.0257646201239,503.5272801094515,491.19512325242425,496.2794494628906,1243887,0.0,0.0
2018-01-05 00:00:00+05:30,498.65939200266416,499.4166544608148,495.19776224955166,497.36126708984375,325597,0.0,0.0
2018-01-08 00:00:00+05:30,495.81074102905467,501.3998912958862,495.2878706597366,497.59564208984375,650715,0.0,0.0
2018-01-09 00:00:00+05:30,499.0558664166684,500.84082192940485,494.42233296843693,496.0088806152344,817862,0.0,0.0
2018-01-10 00:00:00+05:30,495.8467352908877,540.5237841821074,495.8106961389467,532.3384399414062,4055127,0.0,0.0
2018-01-11 00:00:00+05:30,528.1555767785803,528.1555767785803,512.3978293053625,514.23681640625,1127637,0.0,0.0
2018-01-12 00:00:00+05:30,516.0037917630361,518.8704727701893,505.54665929313154,516.4545288085938,816145,0.0,0.0
2018-01-15 00:00:00+05:30,518.5279599700833,526.2265296688511,509.3509594091318,512.7765502929688,1063420,0.0,0.0
2018-01-16 00:00:00+05:30,512.8845719519496,520.6733197911012,505.54656107078216,509.20654296875,695372,0.0,0.0
2018-01-17 00:00:00+05:30,506.9890747613465,518.8524501503879,504.10434652941217,515.2825927734375,591727,0.0,0.0
2018-01-18 00:00:00+05:30,519.2488337221457,524.6576757400846,512.0370443648936,518.92431640625,1784942,0.0,0.0
2018-01-19 00:00:00+05:30,524.6578578178912,533.3119860412968,522.2960003854566,531.3828735351562,1143017,0.0,0.0
2018-01-22 00:00:00+05:30,532.4827466107533,540.8844923275011,530.2651003844289,534.8446044921875,1406007,0.0,0.0
2018-01-23 00:00:00+05:30,538.3602402420845,538.7929301201586,525.5773465590245,528.6964111328125,641862,0.0,0.0
2018-01-24 00:00:00+05:30,528.9848996307245,531.8696272574584,521.7731080746912,528.7685546875,565402,0.0,0.0
2018-01-25 00:00:00+05:30,539.3517708492257,539.3698179323804,516.1118045813236,519.3931274414062,1586905,0.0,0.0
2018-01-29 00:00:00+05:30,525.3790189031904,525.9018892120303,500.7507434312203,504.9696350097656,451552,0.0,0.0
2018-01-30 00:00:00+05:30,506.62835638073904,510.0179072126503,489.5544376854778,497.6136169433594,695702,0.0,0.0
2018-01-31 00:00:00+05:30,494.0978890144959,503.02250383308075,491.5016394316933,501.3277282714844,780247,0.0,0.0
2018-02-01 00:00:00+05:30,502.66197689608157,507.29556735085777,492.8539334913331,500.24603271484375,1049780,0.0,0.0
2018-02-02 00:00:00+05:30,495.3059337323977,496.17136867972084,475.97832674841567,482.36077880859375,1563087,0.0,0.0
2018-02-05 00:00:00+05:30,479.58413368123024,487.87770489206827,470.10061027295177,483.6588134765625,635430,0.0,0.0
2018-02-06 00:00:00+05:30,472.6178781100205,480.5717263239299,470.52949696057533,472.30914306640625,882875,3.84,0.0
2018-02-07 00:00:00+05:30,482.67832629884884,490.0147621613471,477.59370070202584,487.5995788574219,791590,0.0,0.0
2018-02-08 00:00:00+05:30,487.76268380794573,491.3763954811178,482.6235300492055,487.16339111328125,522965,0.0,0.0
2018-02-09 00:00:00+05:30,484.6756948372807,484.6756948372807,476.5221197663785,478.55596923828125,344197,0.0,0.0
2018-02-12 00:00:00+05:30,479.3733064448462,484.4761087961757,475.77771445374503,481.3345031738281,835332,0.0,0.0
2018-02-14 00:00:00+05:30,490.26893902002803,490.26893902002803,478.5742466881779,481.2618103027344,1330082,0.0,0.0
2018-02-15 00:00:00+05:30,484.07652011263474,484.8573632399448,479.84533680744505,481.58868408203125,691247,0.0,0.0
2018-02-16 00:00:00+05:30,482.82346916742654,483.8403939417611,476.703743337442,478.4107360839844,670790,0.0,0.0
2018-02-19 00:00:00+05:30,480.64438667929954,481.0075979050709,462.7391926974717,469.0950012207031,734460,0.0,0.0
2018-02-20 00:00:00+05:30,470.3298239714285,473.9617145040264,466.8068857213484,468.67730712890625,1505827,0.0,0.0
2018-02-21 00:00:00+05:30,468.6955082078663,478.57425539357666,463.5200528514374,475.378173828125,508137,0.0,0.0
2018-02-22 00:00:00+05:30,471.4193699717994,492.12113350804555,470.7837780884163,484.02203369140625,841990,0.0,0.0
2018-02-23 00:00:00+05:30,485.9287130057924,486.31004593641313,476.43130076178795,482.9505920410156,777740,0.0,0.0
2018-02-26 00:00:00+05:30,486.65513914116843,488.852472746621,476.5403664383592,483.005126953125,568220,0.0,0.0
2018-02-27 00:00:00+05:30,484.0583043652459,485.94690271980426,472.78130120873504,483.0958557128906,718765,0.0,0.0
2018-02-28 00:00:00+05:30,479.3731948330428,482.64187375972335,469.6215233513477,473.6529235839844,850997,0.0,0.0
2018-03-01 00:00:00+05:30,472.1457472179031,479.4277051299881,470.166373620141,476.6311340332031,315000,0.0,0.0
2018-03-05 00:00:00+05:30,471.0561672866852,475.6142074095361,462.0309175506778,465.00909423828125,664447,0.0,0.0
2018-03-06 00:00:00+05:30,467.06115070545854,468.187027918218,444.4344602024576,448.9561462402344,925590,0.0,0.0
2018-03-07 00:00:00+05:30,448.5384720117915,458.34456517455305,448.5384720117915,455.0577087402344,917260,0.0,0.0
2018-03-08 00:00:00+05:30,454.6582099518791,457.6182096191135,447.6668372637293,454.2042236328125,663067,0.0,0.0
2018-03-09 00:00:00+05:30,457.6181862961609,459.59755989622033,451.0807725511374,453.51416015625,802610,0.0,0.0
2018-03-12 00:00:00+05:30,457.1460788736643,457.1460788736643,448.6292910004115,449.7188415527344,383167,0.0,0.0
2018-03-13 00:00:00+05:30,448.90162994126393,455.80222696705204,447.12201147500696,450.86285400390625,475770,0.0,0.0
2018-03-14 00:00:00+05:30,449.046892591468,455.20294524159465,448.1025934009327,452.6424560546875,754330,0.0,0.0
2018-03-15 00:00:00+05:30,452.69699392856,454.4947897599143,449.39198787463397,451.5347900390625,547975,0.0,0.0
2018-03-16 00:00:00+05:30,449.2648847932623,451.29876250120157,436.19008334109526,438.91400146484375,874927,0.0,0.0
2018-03-19 00:00:00+05:30,440.91150904723617,440.91150904723617,428.58122537196397,435.5,585270,0.0,0.0
2018-03-20 00:00:00+05:30,434.3740692842439,439.07736051783144,425.3669969621504,430.4334716796875,1138755,0.0,0.0
2018-03-21 00:00:00+05:30,432.4310792156529,440.1669965056659,428.1999231844201,430.2519226074219,555642,0.0,0.0
2018-03-22 00:00:00+05:30,430.3791146530113,433.611495660257,424.0777810951586,428.908203125,760480,0.0,0.0
2018-03-23 00:00:00+05:30,424.2048072074156,442.23712963267366,424.0776777438138,439.56768798828125,1533362,0.0,0.0
2018-03-26 00:00:00+05:30,439.8219217244001,440.1851052224317,431.79544726866635,435.13677978515625,426057,0.0,0.0
2018-03-27 00:00:00+05:30,438.3691761489707,448.15712002479717,435.60895929509394,445.08819580078125,714370,0.0,0.0
2018-03-28 00:00:00+05:30,446.7224728282099,454.3494363346721,445.0881334015116,452.2066345214844,1446865,0.0,0.0
2018-04-02 00:00:00+05:30,453.25990861544926,454.29498291501096,446.7588218241532,450.79022216796875,288525,0.0,0.0
2018-04-03 00:00:00+05:30,451.0808011865099,467.06115306861045,451.0808011865099,458.94384765625,727417,0.0,0.0
2018-04-04 00:00:00+05:30,459.4160044906292,463.93769048556527,442.0010682674493,452.0432434082031,645737,0.0,0.0
2018-04-05 00:00:00+05:30,453.9862846898831,457.94503179199944,447.37624549316337,450.2817687988281,636430,0.0,0.0
2018-04-06 00:00:00+05:30,450.3544662673409,461.6133223821988,449.6280991795933,459.1799621582031,253330,0.0,0.0
2018-04-09 00:00:00+05:30,460.8869361311119,462.6847042967323,455.20301830932726,458.3264465332031,124910,0.0,0.0
2018-04-10 00:00:00+05:30,460.1605636087018,468.8771349753753,459.3252442230573,463.6835021972656,744937,0.0,0.0
2018-04-11 00:00:00+05:30,465.5720549330208,468.51387738924234,461.86751108306527,464.40985107421875,389982,0.0,0.0
2018-04-12 00:00:00+05:30,465.2087923198603,471.4011716266389,456.90993780173824,470.3842468261719,469905,0.0,0.0
2018-04-13 00:00:00+05:30,470.71111381302325,477.1577521684114,463.50183725904253,471.7462158203125,584142,0.0,0.0
2018-04-16 00:00:00+05:30,472.1457359267956,482.95063166626556,469.60342381699314,480.9893798828125,593002,0.0,0.0
2018-04-17 00:00:00+05:30,481.588770163229,499.0218026791532,472.58164055597484,495.9528503417969,960740,0.0,0.0
2018-04-18 00:00:00+05:30,497.5507882010974,501.20085564452165,487.4904920867621,488.6344909667969,551462,0.0,0.0
2018-04-19 00:00:00+05:30,493.93704083346995,500.0022904935152,485.34760101840845,488.8524169921875,680935,0.0,0.0
2018-04-20 00:00:00+05:30,490.6685243673233,498.0775580475963,485.892578561889,488.3441162109375,620472,0.0,0.0
2018-04-23 00:00:00+05:30,488.52546907744346,490.66832614234676,474.45189633204507,483.1321105957031,1192537,0.0,0.0
2018-04-24 00:00:00+05:30,485.9470522540504,489.923977540139,481.20740543410767,485.07537841796875,1522445,0.0,0.0
2018-04-25 00:00:00+05:30,485.9287094738034,486.3826957177998,476.576603931126,481.1346435546875,1292382,0.0,0.0
2018-04-26 00:00:00+05:30,481.5886568616736,482.2241933043885,466.8250145103452,469.6941833496094,865950,0.0,0.0
2018-04-27 00:00:00+05:30,472.8720816836427,482.46026936634183,468.93151194479924,475.81390380859375,927455,0.0,0.0
2018-04-30 00:00:00+05:30,478.3017790455977,481.3706751037228,468.51380891745686,473.5621337890625,1141420,0.0,0.0
2018-05-02 00:00:00+05:30,483.8767339379665,486.6551278282179,478.61050403452725,481.82470703125,3700517,0.0,0.0
2018-05-03 00:00:00+05:30,481.82477276662706,499.0217780701426,480.1178350606541,493.62841796875,3965202,0.0,0.0
2018-05-04 00:00:00+05:30,496.5521762250389,502.0907882150054,491.5220267934357,495.8984069824219,1674467,0.0,0.0
2018-05-07 00:00:00+05:30,497.4963808290546,497.4963808290546,485.12979722368675,490.2144775390625,1048170,0.0,0.0
2018-05-08 00:00:00+05:30,492.048589039782,516.4549015823536,490.9227116695273,508.1741943359375,2455777,0.0,0.0
2018-05-09 00:00:00+05:30,504.10650825685747,507.7202222570724,498.3136373753327,501.3099365234375,572575,0.0,0.0
2018-05-10 00:00:00+05:30,499.38499518140554,507.9562598608857,490.30526799628905,492.7568054199219,520887,0.0,0.0
2018-05-11 00:00:00+05:30,493.0473774904395,513.258859651497,493.0473774904395,511.0070495605469,1051875,0.0,0.0
2018-05-14 00:00:00+05:30,512.0964873598883,514.9656560610692,503.7431293193053,509.1001892089844,713660,0.0,0.0
2018-05-15 00:00:00+05:30,510.2806449509842,515.6921820615341,500.4745511138688,504.923583984375,904865,0.0,0.0
2018-05-16 00:00:00+05:30,501.2553492085634,510.2805990309294,500.1112948705066,508.91864013671875,1010675,0.0,0.0
2018-05-17 00:00:00+05:30,508.8278515806794,517.0722026343474,501.2008598076123,505.4501647949219,1102090,0.0,0.0
2018-05-18 00:00:00+05:30,501.9272479536953,514.6570416855519,501.600391114326,507.41143798828125,1181930,0.0,0.0
2018-05-21 00:00:00+05:30,507.4114325463418,510.40773104492587,502.490181149533,504.1971740722656,748945,0.0,0.0
2018-05-22 00:00:00+05:30,498.2952242175284,504.3423512194986,494.0822191318067,501.1462707519531,1205687,0.0,0.0
2018-05-23 00:00:00+05:30,497.9321327076907,505.9222794882936,494.77235077696827,503.8339538574219,621467,0.0,0.0
2018-05-24 00:00:00+05:30,506.6485880040952,508.3555805118331,489.77844566778464,501.56396484375,560795,0.0,0.0
2018-05-25 00:00:00+05:30,499.4574553418986,507.15704328308186,496.53375550159075,500.5651550292969,1208365,0.0,0.0
2018-05-28 00:00:00+05:30,504.46957876255243,504.46957876255243,495.31725441356275,501.7275390625,654840,0.0,0.0
2018-05-29 00:00:00+05:30,503.0168701060827,504.08827122976425,492.4844090726075,498.8038635253906,793745,0.0,0.0
2018-05-30 00:00:00+05:30,497.13296922818023,502.65340044242396,495.8436087705077,499.2394714355469,841647,0.0,0.0
2018-05-31 00:00:00+05:30,501.12818511973177,508.4646187067522,489.5788010955791,500.8558044433594,8041735,0.0,0.0
2018-06-01 00:00:00+05:30,500.4381191905453,500.4381191905453,483.4046009449724,485.62005615234375,469177,0.0,0.0
2018-06-04 00:00:00+05:30,488.4892202634578,493.17433412582295,473.96165980952594,476.97613525390625,804980,0.0,0.0
2018-06-05 00:00:00+05:30,478.3199426906225,487.5086207404497,474.03433872605405,484.6757507324219,1106047,0.0,0.0
2018-06-06 00:00:00+05:30,484.6756833980056,490.3051236794549,479.79078717677703,489.2155456542969,350692,0.0,0.0
2018-06-07 00:00:00+05:30,489.2157614533346,495.02680987200785,485.1480608112222,489.45184326171875,407037,0.0,0.0
2018-06-08 00:00:00+05:30,487.76289602597916,498.2953561098538,487.61758937450156,494.917724609375,451062,0.0,0.0
2018-06-11 00:00:00+05:30,493.9371139157275,495.5896307632093,475.81396015310185,477.3757019042969,739147,0.0,0.0
2018-06-12 00:00:00+05:30,476.74006815266637,488.1442012420722,474.56091185043726,485.2386779785156,628647,0.0,0.0
2018-06-13 00:00:00+05:30,486.6732454012261,487.99890516202777,477.59352067359123,479.1370849609375,693952,0.0,0.0
2018-06-14 00:00:00+05:30,484.96628120982274,485.2205401178898,469.3128437266892,473.6529235839844,848340,0.0,0.0
2018-06-15 00:00:00+05:30,473.2353542629483,475.39633359427256,456.5286354062785,458.76226806640625,1006752,0.0,0.0
2018-06-18 00:00:00+05:30,458.01777076081066,461.2320020160087,444.83401656343034,447.70318603515625,1171157,0.0,0.0
2018-06-19 00:00:00+05:30,449.15587089648034,463.82871116900424,441.27467552292734,460.6871337890625,1766175,0.0,0.0
2018-06-20 00:00:00+05:30,462.7028763267765,467.7875288003046,456.4741694266947,462.81182861328125,830950,0.0,0.0
2018-06-21 00:00:00+05:30,461.54061041023067,465.0635483158909,453.9136465792501,456.27435302734375,573117,0.0,0.0
2018-06-22 00:00:00+05:30,457.43659158297936,457.43659158297936,447.4488928347997,452.896728515625,909020,0.0,0.0
2018-06-25 00:00:00+05:30,454.1497011386104,466.2802010455934,447.52151264039264,451.9524230957031,750897,0.0,0.0
2018-06-26 00:00:00+05:30,445.4876663498992,461.9764235152333,445.34238741644,453.187255859375,463646,0.0,2.0
2018-06-27 00:00:00+05:30,454.71271317135694,455.4391079505955,435.10052518708517,440.4757080078125,692193,0.0,0.0
2018-06-28 00:00:00+05:30,437.2796841512468,463.71984633137896,437.2796841512468,444.0350036621094,2738973,0.0,0.0
2018-06-29 00:00:00+05:30,446.25038223243126,477.6298852788379,441.63786591963026,473.78009033203125,1684068,0.0,0.0
2018-07-02 00:00:00+05:30,472.0731799133718,480.86234954369905,453.9863781259466,462.6665954589844,2052183,0.0,0.0
2018-07-03 00:00:00+05:30,466.3347379609236,469.78507841797034,454.71269894792067,468.5865478515625,498790,0.0,0.0
2018-07-04 00:00:00+05:30,471.2741440054473,477.9205110135259,467.7875597699597,470.8746337890625,406397,0.0,0.0
2018-07-05 00:00:00+05:30,466.5526297435814,470.620328948889,458.63508045525606,461.6858825683594,604723,0.0,0.0
2018-07-06 00:00:00+05:30,463.283921605873,479.40952353722673,461.6859087029534,472.94476318359375,724418,0.0,0.0
2018-07-09 00:00:00+05:30,472.0731505343537,488.12610121565615,464.8820222694842,486.0196533203125,982225,0.0,0.0
2018-07-10 00:00:00+05:30,488.34387573172626,491.68520734748995,480.8621369762127,489.5787048339844,461863,0.0,0.0
2018-07-11 00:00:00+05:30,485.9469022938295,488.85242543254674,468.36856766104466,470.2571105957031,395253,0.0,0.0
2018-07-12 00:00:00+05:30,473.5622044298953,478.610530054555,459.0346422963996,461.61328125,744650,0.0,0.0
2018-07-13 00:00:00+05:30,463.13863512436785,472.6178986566814,458.3445410754428,463.3565673828125,735611,0.0,0.0
2018-07-16 00:00:00+05:30,464.446172715531,466.29844473098615,445.4513998726721,455.8749084472656,699022,0.0,0.0
2018-07-17 00:00:00+05:30,454.13162552920255,466.33475303269284,447.92109563317644,465.7536926269531,507442,0.0,0.0
2018-07-18 00:00:00+05:30,467.7874811179393,478.6831520038312,460.9232106765574,472.47259521484375,575820,0.0,0.0
2018-07-19 00:00:00+05:30,469.6035429053958,475.7777468572961,464.51888968723205,473.16278076171875,221026,0.0,0.0
2018-07-20 00:00:00+05:30,472.1456719812181,477.9567178036676,468.58643550954383,474.5063781738281,225710,0.0,0.0
2018-07-23 00:00:00+05:30,465.60835981638996,490.1236211547306,465.60835981638996,478.3199768066406,554447,0.0,0.0
2018-07-24 00:00:00+05:30,478.3563027738332,485.47477683143694,467.6058829450097,481.7702331542969,384842,0.0,0.0
2018-07-25 00:00:00+05:30,481.7702186166959,484.4578373473641,466.3346850823425,469.7123718261719,448741,0.0,0.0
2018-07-26 00:00:00+05:30,466.5890303108439,480.1359679074754,466.5890303108439,470.40252685546875,1542833,0.0,0.0
2018-07-27 00:00:00+05:30,475.77762868394376,483.7314772975645,466.04418929330603,472.47259521484375,717822,0.0,0.0
2018-07-30 00:00:00+05:30,475.7413944532881,485.2206316303366,466.5163608140044,480.2449035644531,692500,0.0,0.0
2018-07-31 00:00:00+05:30,481.55230935837534,498.94909448819215,473.4895086634899,486.1648254394531,873642,0.0,0.0
2018-08-01 00:00:00+05:30,488.56186220273673,492.48431008412194,474.8696212767315,481.0438232421875,435187,0.0,0.0
2018-08-02 00:00:00+05:30,482.27873431262424,482.96880240201904,469.24026019888504,470.5114440917969,698640,0.0,0.0
2018-08-03 00:00:00+05:30,472.94479644551956,475.7050133397434,463.93769560206874,468.5138854980469,832225,0.0,0.0
2018-08-06 00:00:00+05:30,471.6010794755332,475.5598274571375,463.10243992930964,464.0830383300781,426815,0.0,0.0
2018-08-07 00:00:00+05:30,467.3153560941191,472.65423970092303,460.7053163212015,463.3202819824219,850317,0.0,0.0
2018-08-08 00:00:00+05:30,463.32020816719785,473.12632783448345,462.3396100550302,468.0780029296875,362326,0.0,0.0
2018-08-09 00:00:00+05:30,470.43876275524036,482.31505997316907,464.9909271126629,466.66162109375,1004775,0.0,0.0
2018-08-10 00:00:00+05:30,467.061175776667,472.8721677650217,461.68596523829115,464.3009033203125,376422,0.0,0.0
2018-08-13 00:00:00+05:30,461.97648921230876,468.58655693365773,458.6714830607615,464.5188293457031,302837,0.0,0.0
2018-08-14 00:00:00+05:30,466.11677720775356,469.2402050114944,463.53813847845555,466.73419189453125,385807,0.0,0.0
2018-08-16 00:00:00+05:30,467.31528507874117,474.43381394546617,464.8819254006614,469.02227783203125,418430,0.0,0.0
2018-08-17 00:00:00+05:30,469.2401935920407,475.77760690801364,460.0515159989563,463.7923583984375,795518,0.0,0.0
2018-08-20 00:00:00+05:30,465.6083609927655,466.62528592109464,455.65698856809627,456.31072998046875,426767,0.0,0.0
2018-08-21 00:00:00+05:30,457.6182117297302,469.7487129307568,453.84104221258013,461.2137756347656,774787,0.0,0.0
2018-08-23 00:00:00+05:30,464.6640308951862,468.94963463672457,462.3032967749783,467.1700439453125,473872,0.0,0.0
2018-08-24 00:00:00+05:30,467.06111434060557,471.4920249362072,459.978911636298,465.1725158691406,379438,0.0,0.0
2018-08-27 00:00:00+05:30,465.9351525468698,474.4338174258105,463.97395629372625,470.2571105957031,495843,0.0,0.0
2018-08-28 00:00:00+05:30,468.58655204085113,469.60347699993963,456.31074378267067,458.6714782714844,700162,0.0,0.0
2018-08-29 00:00:00+05:30,459.9062795346963,467.2063871267431,456.8918315081597,465.39044189453125,600413,0.0,0.0
2018-08-30 00:00:00+05:30,465.9715724343463,469.2402517886013,457.9813965339561,459.5794372558594,731472,0.0,0.0
2018-08-31 00:00:00+05:30,462.23079696976333,475.6688115044008,460.26960003732756,473.4896545410156,1255090,0.0,0.0
2018-09-03 00:00:00+05:30,475.12389796738796,476.8671897294106,469.421803807804,472.7268371582031,526668,0.0,0.0
2018-09-04 00:00:00+05:30,470.3298314535708,472.4726336015115,452.86044658078714,457.3639831542969,1021213,0.0,0.0
2018-09-05 00:00:00+05:30,457.61823734578945,467.53328363783675,451.29875516004614,465.7536926269531,517751,0.0,0.0
2018-09-06 00:00:00+05:30,465.78997482174503,470.43879040989754,457.9814043998671,464.26458740234375,657773,0.0,0.0
2018-09-07 00:00:00+05:30,467.133726197521,486.74596763716113,466.26210796792566,478.68316650390625,1390803,0.0,0.0
2018-09-10 00:00:00+05:30,476.50394035947375,485.2205093075489,474.9422543144938,478.9010009765625,486490,0.0,0.0
2018-09-11 00:00:00+05:30,481.6009343629985,485.3588765940752,459.709982801044,462.263916015625,1032795,2.4,0.0
2018-09-12 00:00:00+05:30,463.0666431089875,473.3188977211439,457.3385112239189,460.40325927734375,964901,0.0,0.0
2018-09-14 00:00:00+05:30,462.7017788566605,473.7567335847972,460.9504903560707,471.31219482421875,766498,0.0,0.0
2018-09-17 00:00:00+05:30,472.1148544247959,474.30397194857164,461.42479931784766,462.5923156738281,491795,0.0,0.0
2018-09-18 00:00:00+05:30,462.5558258252286,464.48952219219893,446.57544038451016,447.7794494628906,967065,0.0,0.0
2018-09-19 00:00:00+05:30,449.49423081707283,459.5640771483157,448.03485619624956,453.69000244140625,561666,0.0,0.0
2018-09-21 00:00:00+05:30,459.30862438380535,474.3039277098009,444.4592640681683,469.70684814453125,1346123,0.0,0.0
2018-09-24 00:00:00+05:30,470.8378882012736,470.8378882012736,448.0348139535518,452.99676513671875,870601,0.0,0.0
2018-09-25 00:00:00+05:30,449.71313084686335,462.3734025161769,440.1175790904636,447.0862121582031,1055582,0.0,0.0
2018-09-26 00:00:00+05:30,453.8724134769451,461.78963449060296,447.3051166976341,458.72491455078125,689286,0.0,0.0
2018-09-27 00:00:00+05:30,454.6020826354253,461.60718036373726,450.73469015046254,452.99676513671875,833552,0.0,0.0
2018-09-28 00:00:00+05:30,457.88576639728603,462.04504523570523,453.5805445320713,457.8492736816406,871298,0.0,0.0
2018-10-01 00:00:00+05:30,459.52755626374136,480.871256732279,449.6401462840774,475.9457702636719,949322,0.0,0.0
2018-10-03 00:00:00+05:30,471.3852119951237,476.6390500148545,463.28558216242305,467.8826904296875,945175,0.0,0.0
2018-10-04 00:00:00+05:30,462.62880759985296,467.4447882037473,438.18389392425615,445.5538635253906,968727,0.0,0.0
2018-10-05 00:00:00+05:30,438.183933886875,451.50093678132004,427.74924334328813,442.0148620605469,848135,0.0,0.0
2018-10-08 00:00:00+05:30,442.92690017518544,454.60206253960126,430.63147306345473,437.45416259765625,701782,0.0,0.0
2018-10-09 00:00:00+05:30,434.9732230956335,448.5456178643054,409.5432292614843,436.6880187988281,1859385,0.0,0.0
2018-10-10 00:00:00+05:30,437.81909971407936,450.187487054139,434.3895078588667,448.290283203125,577163,0.0,0.0
2018-10-11 00:00:00+05:30,427.74920228574024,441.83238389598654,423.4075156528758,433.73272705078125,681980,0.0,0.0
2018-10-12 00:00:00+05:30,436.6515621449764,447.30515304303145,434.1705862529566,443.1458740234375,560743,0.0,0.0
2018-10-15 00:00:00+05:30,445.1160065482062,448.1807263468701,435.7758763018586,441.1756286621094,289117,0.0,0.0
2018-10-16 00:00:00+05:30,442.19723333854597,447.30512786826097,435.7759072559534,438.7676696777344,655753,0.0,0.0
2018-10-17 00:00:00+05:30,445.11603521499813,447.30512490299674,434.9002462232905,437.3447570800781,554262,0.0,0.0
2018-10-19 00:00:00+05:30,436.3596961275059,443.62018838676585,428.9897535472996,432.0544738769531,542643,0.0,0.0
2018-10-22 00:00:00+05:30,435.6299371729098,436.35962441649525,414.4686730795227,420.16033935546875,2079837,0.0,0.0
2018-10-23 00:00:00+05:30,415.9280999845455,425.9249605585751,408.6311157742903,420.9265441894531,876580,0.0,0.0
2018-10-24 00:00:00+05:30,421.0359956164147,429.0626671346859,404.2164447402704,407.3176574707031,1347893,0.0,0.0
2018-10-25 00:00:00+05:30,402.79355568818215,408.6311378039381,395.4965710845404,401.443603515625,5045275,0.0,0.0
2018-10-26 00:00:00+05:30,404.9825910730308,426.5086983278531,403.6326390819053,419.1022644042969,1502157,0.0,0.0
2018-10-29 00:00:00+05:30,420.1603751801074,475.47153030209574,415.8551532699901,452.26708984375,1730560,0.0,0.0
2018-10-30 00:00:00+05:30,450.95365816398413,460.91405473200615,445.84576320181355,454.8575439453125,704887,0.0,0.0
2018-10-31 00:00:00+05:30,465.5475319351549,477.95240919124444,441.46749245908836,462.4463195800781,1998052,0.0,0.0
2018-11-01 00:00:00+05:30,467.0070108319868,485.9791595127215,461.7531730526751,482.7685241699219,1373845,0.0,0.0
2018-11-02 00:00:00+05:30,483.060254450623,490.06540715233024,477.8429383050838,481.345458984375,748981,0.0,0.0
2018-11-05 00:00:00+05:30,481.34552048149226,481.34552048149226,474.34042255637013,477.5146484375,783818,0.0,0.0
2018-11-06 00:00:00+05:30,477.9524910987555,503.491937188002,477.9524910987555,490.02899169921875,1683325,0.0,0.0
2018-11-07 00:00:00+05:30,494.3707461696439,497.65436723350444,482.80503133467784,487.0737609863281,107953,0.0,0.0
2018-11-09 00:00:00+05:30,488.75209142416895,492.5464992189536,485.86975110450726,488.8615417480469,737728,0.0,0.0
2018-11-12 00:00:00+05:30,490.35732411961743,491.5978537646255,468.10155534273713,470.4730529785156,663461,0.0,0.0
2018-11-13 00:00:00+05:30,472.552621181219,499.69740607394726,467.55415011221487,489.04376220703125,1661757,0.0,0.0
2018-11-14 00:00:00+05:30,490.28443229463255,491.37893549024756,477.2228226683861,486.9278259277344,898262,0.0,0.0
2018-11-15 00:00:00+05:30,485.24951814055794,499.84348861095066,485.24951814055794,498.1286926269531,595756,0.0,0.0
2018-11-16 00:00:00+05:30,496.1949781266092,507.724227744259,481.2726572191272,490.17498779296875,1185490,0.0,0.0
2018-11-19 00:00:00+05:30,493.13012179927006,505.2796051082894,485.2493668412745,491.4883117675781,904288,0.0,0.0
2018-11-20 00:00:00+05:30,488.2777210903766,500.50013663963165,486.7088404846076,493.5680236816406,650711,0.0,0.0
2018-11-21 00:00:00+05:30,499.8070115838816,500.4637135167369,489.0804346412893,493.4221496582031,446470,0.0,0.0
2018-11-22 00:00:00+05:30,496.04896152702173,497.6542511287043,488.02223516077987,490.5397033691406,418868,0.0,0.0
2018-11-26 00:00:00+05:30,493.45851624877963,498.4569322029047,485.2494096938092,489.7735595703125,769633,0.0,0.0
2018-11-27 00:00:00+05:30,486.8182055242153,491.8531417270363,477.2227105111455,487.4019775390625,719501,0.0,0.0
2018-11-28 00:00:00+05:30,489.627660874687,491.81677854723205,478.6821838551117,485.2494812011719,495546,0.0,0.0
2018-11-29 00:00:00+05:30,487.3291447514679,496.0490391487688,482.3306724282262,492.43701171875,580267,0.0,0.0
2018-11-30 00:00:00+05:30,490.72222844550595,496.77873919865107,479.9956518679439,492.510009765625,1056192,0.0,0.0
2018-12-03 00:00:00+05:30,492.54659129888944,499.84357783665075,485.9792922805864,496.3045349121094,520537,0.0,0.0
2018-12-04 00:00:00+05:30,496.1949161464704,499.66097244112063,488.89793208549287,494.4071350097656,1091781,0.0,0.0
2018-12-05 00:00:00+05:30,492.4734022369866,497.36242350637474,487.0371851437241,491.561279296875,579031,0.0,0.0
2018-12-06 00:00:00+05:30,487.6210388617629,489.62772102953767,479.7768016359673,482.8415222167969,578263,0.0,0.0
2018-12-07 00:00:00+05:30,485.1764610828218,486.2710198408483,478.39026358894284,482.22119140625,273540,0.0,0.0
2018-12-10 00:00:00+05:30,479.7766160276786,496.70561378840875,471.0202589923755,484.5926513671875,648797,0.0,0.0
2018-12-11 00:00:00+05:30,474.08508235897,488.97093712084387,473.5742956810829,482.6955261230469,463516,0.0,0.0
2018-12-12 00:00:00+05:30,480.94423682659686,485.94265299624044,472.990495405622,476.09173583984375,915868,0.0,0.0
2018-12-13 00:00:00+05:30,474.2675464890584,477.4417170579463,469.67041044134396,472.6622009277344,641885,0.0,0.0
2018-12-14 00:00:00+05:30,472.11485050640044,476.6390007045881,468.5028789951912,474.7782897949219,1093962,0.0,0.0
2018-12-17 00:00:00+05:30,476.49308677814196,492.4734441936917,476.49308677814196,483.206298828125,1668211,0.0,0.0
2018-12-18 00:00:00+05:30,480.6158278176004,484.88455670813937,474.6688238102181,481.892822265625,888962,0.0,0.0
2018-12-19 00:00:00+05:30,487.0737793852956,496.8517131779374,482.91449990055406,487.803466796875,923975,0.0,0.0
2018-12-20 00:00:00+05:30,491.08704486914905,495.35577382334975,479.19292533386374,486.343994140625,2080788,0.0,0.0
2018-12-21 00:00:00+05:30,488.8978646527359,488.8978646527359,476.7483811863752,479.11993408203125,648846,0.0,0.0
2018-12-24 00:00:00+05:30,475.1066313973845,481.1996063401713,471.8230108749719,474.3404235839844,543823,0.0,0.0
2018-12-26 00:00:00+05:30,475.76340646486466,479.22951892618266,464.16122687301583,476.2012634277344,811531,0.0,0.0
2018-12-27 00:00:00+05:30,485.1035416963458,497.5813781928549,480.2145198955091,486.3074951171875,6079903,0.0,0.0
2018-12-28 00:00:00+05:30,488.89796379155865,491.9626839347459,486.4170157722853,489.1898498535156,758231,0.0,0.0
2018-12-31 00:00:00+05:30,488.1682138976032,508.52680481899205,487.2925558239767,501.81353759765625,3131155,0.0,0.0
2019-01-01 00:00:00+05:30,503.4917854587055,504.1850076939602,495.7934668020036,500.06219482421875,569838,0.0,0.0
2019-01-02 00:00:00+05:30,500.572990901144,502.8350933442615,483.7899644690712,488.1316223144531,1366171,0.0,0.0
2019-01-03 00:00:00+05:30,490.28442465794734,491.0141120008506,486.74538258971205,488.8979797363281,840090,0.0,0.0
2019-01-04 00:00:00+05:30,489.4086550975981,497.544775679484,487.58440931958836,494.7719421386719,1084377,0.0,0.0
2019-01-07 00:00:00+05:30,497.54490537647274,500.9744972405864,492.94782485931177,497.03411865234375,596906,0.0,0.0
2019-01-08 00:00:00+05:30,499.11367383905446,499.11367383905446,494.1881877937369,496.48675537109375,492657,0.0,0.0
2019-01-09 00:00:00+05:30,497.14347943874134,504.76886971562504,494.6625317030962,499.4420471191406,586143,0.0,0.0
2019-01-10 00:00:00+05:30,499.3326798725651,505.6080913520885,497.435448206957,502.7987365722656,590860,0.0,0.0
2019-01-11 00:00:00+05:30,504.76885683158656,504.8417865831964,491.59779936242336,495.1368408203125,450842,0.0,0.0
2019-01-14 00:00:00+05:30,495.13683070116156,500.82846881810764,485.3588440433692,497.8731994628906,2163780,0.0,0.0
2019-01-15 00:00:00+05:30,500.5730996867573,500.5730996867573,494.1517737004974,497.4353942871094,336583,0.0,0.0
2019-01-16 00:00:00+05:30,499.6246456173533,514.4375184467347,498.0557646615181,508.5269775390625,1982631,0.0,0.0
2019-01-17 00:00:00+05:30,508.5998126622175,514.4374227062375,500.02588902005874,506.70263671875,939641,0.0,0.0
2019-01-18 00:00:00+05:30,507.87005034598656,509.18350962840174,496.267873077625,499.0042419433594,632438,0.0,0.0
2019-01-21 00:00:00+05:30,501.8136119286362,501.8136119286362,482.80499801405574,485.2494812011719,1325947,0.0,0.0
2019-01-22 00:00:00+05:30,484.51965198866725,490.28427487821426,479.8130670723676,488.532958984375,1013112,0.0,0.0
2019-01-23 00:00:00+05:30,488.8249380338189,490.35729797900444,479.8131584237567,481.5279541015625,844543,0.0,0.0
2019-01-24 00:00:00+05:30,484.51980953125206,485.65083328572035,480.6524164334276,484.5562744140625,381668,0.0,0.0
2019-01-25 00:00:00+05:30,483.93596884520923,485.24942817088044,474.7782741147266,481.892822265625,534737,0.0,0.0
2019-01-28 00:00:00+05:30,481.4550637217002,481.6009789167885,461.3518357143815,469.15960693359375,692347,0.0,0.0
2019-01-29 00:00:00+05:30,468.4663467782849,473.574268940305,458.6154295915188,469.0866394042969,749838,0.0,0.0
2019-01-30 00:00:00+05:30,472.1148267634737,484.9575337625869,465.54755808428115,482.6589660644531,814517,0.0,0.0
2019-01-31 00:00:00+05:30,480.3969639110355,485.24946524406494,475.7633632037472,478.3173522949219,2104942,0.0,0.0
2019-02-01 00:00:00+05:30,481.19953416263763,495.3191782313332,472.6255570034579,480.65228271484375,976041,0.0,0.0
2019-02-04 00:00:00+05:30,500.75560432457524,503.948035317537,469.7434175358037,473.02703857421875,927229,0.0,1.25
2019-02-05 00:00:00+05:30,473.3006184997354,478.31729469798375,466.23163783914754,471.93243408203125,403499,0.0,0.0
2019-02-06 00:00:00+05:30,477.6332355264992,478.5453585347259,459.34515251008435,465.59320068359375,448414,0.0,0.0
2019-02-07 00:00:00+05:30,470.47308562667325,472.4797675885848,459.3907954868786,468.3752136230469,258120,0.0,0.0
2019-02-08 00:00:00+05:30,470.38188423194094,474.7600638885288,460.9869997916561,465.1371765136719,323368,0.0,0.0
2019-02-11 00:00:00+05:30,470.655516961243,476.49312703714446,463.44975007880015,474.89691162109375,604859,0.0,0.0
2019-02-12 00:00:00+05:30,473.80237470693044,477.8613338013926,464.2706767897987,467.3719177246094,465576,0.0,0.0
2019-02-14 00:00:00+05:30,440.55545816076807,458.70670231907485,439.59774003821207,454.2373046875,2924320,0.0,0.0
2019-02-15 00:00:00+05:30,457.8857670364186,458.70667220697607,441.92361380307733,448.0804443359375,1210198,0.0,0.0
2019-02-18 00:00:00+05:30,448.7645668099354,455.55989506362874,435.082720260852,450.13275146484375,905190,0.0,0.0
2019-02-19 00:00:00+05:30,445.11609528538156,454.51095255565485,442.28850796538626,446.7123107910156,880880,0.0,0.0
2019-02-20 00:00:00+05:30,446.02818846500054,452.8691116009668,437.819080701841,448.67333984375,669634,0.0,0.0
2019-02-21 00:00:00+05:30,448.67331536690835,449.17499973764956,437.4542131702835,440.1905822753906,835835,0.0,0.0
2019-02-22 00:00:00+05:30,439.552087358725,440.55542826976784,429.42751604872217,433.851318359375,1458459,0.0,0.0
2019-02-25 00:00:00+05:30,433.8513652412898,444.6600299991974,429.70121609561295,432.80242919921875,1232554,0.0,0.0
2019-02-26 00:00:00+05:30,432.8479430508945,434.9002197275708,425.0493028138383,425.96142578125,1150363,0.0,0.0
2019-02-27 00:00:00+05:30,425.96145403651707,435.40193294259916,420.579933738973,432.30072021484375,1059353,0.0,0.0
2019-02-28 00:00:00+05:30,431.4341464554551,435.082638180237,426.5086881941562,431.20611572265625,2867819,0.0,0.0
2019-03-01 00:00:00+05:30,431.20613333440554,437.7278069916612,427.8768900667224,436.131591796875,1163832,0.0,0.0
2019-03-05 00:00:00+05:30,437.180595472852,444.203954553913,435.7212207655355,441.8780517578125,1087720,0.0,0.0
2019-03-06 00:00:00+05:30,445.11601173795447,450.0870930853252,440.6922097426643,444.1126708984375,783592,0.0,0.0
2019-03-07 00:00:00+05:30,445.48090491497067,447.71561758630685,438.82241759203833,442.9269714355469,562801,0.0,0.0
2019-03-08 00:00:00+05:30,442.6532795470943,446.9402687696065,439.96253340597264,445.5264892578125,747344,0.0,0.0
2019-03-11 00:00:00+05:30,446.94032060339094,456.79123898441577,444.70560786605876,450.13275146484375,2435796,0.0,0.0
2019-03-12 00:00:00+05:30,452.4586442771151,462.4464031722509,446.66668496755216,458.843505859375,2010662,0.0,0.0
2019-03-13 00:00:00+05:30,463.67775236241727,486.98251270629845,462.44638069282354,476.6298828125,3206175,0.0,0.0
2019-03-14 00:00:00+05:30,472.3429000406652,476.6298895178468,461.3518284023101,464.0426025390625,945493,0.0,0.0
2019-03-15 00:00:00+05:30,467.00694281546544,472.1148089838832,462.67435887332977,470.1537780761719,1069396,0.0,0.0
2019-03-18 00:00:00+05:30,470.5642273269686,474.0302832196411,464.77221349735754,467.0525207519531,607274,0.0,0.0
2019-03-19 00:00:00+05:30,469.7432841302254,470.5642169924761,464.2705468393878,465.684326171875,609105,0.0,0.0
2019-03-20 00:00:00+05:30,466.27730104756773,471.9780699481112,465.3195551708051,469.05926513671875,666586,0.0,0.0
2019-03-22 00:00:00+05:30,471.2027099129866,472.9357658462387,465.59318698043245,468.5575866699219,719300,0.0,0.0
2019-03-25 00:00:00+05:30,467.5542585822066,467.5542585822066,457.88577640873916,461.67108154296875,391050,0.0,0.0
2019-03-26 00:00:00+05:30,463.3585047166637,465.1827507982253,458.61545377028887,460.3028869628906,434584,0.0,0.0
2019-03-27 00:00:00+05:30,459.7099813432836,465.5019678261742,456.0614894278607,458.341796875,545270,0.0,0.0
2019-03-28 00:00:00+05:30,458.7522980870592,469.0136823761901,458.7522980870592,466.2773132324219,718740,0.0,0.0
2019-04-01 00:00:00+05:30,482.10256445516285,489.8100143629715,479.91350282184317,484.428466796875,475109,0.0,0.0
2019-04-02 00:00:00+05:30,484.42842821423534,495.64758391875824,483.06024392554343,487.25604248046875,1218766,0.0,0.0
2019-04-03 00:00:00+05:30,487.9858471012085,492.13599597495056,481.8746113396448,485.6143493652344,478303,0.0,0.0
2019-04-04 00:00:00+05:30,488.8066570175313,490.2660313072169,480.0958392728709,485.3405456542969,701627,0.0,0.0
2019-04-05 00:00:00+05:30,485.6598867816912,486.1159482669456,474.44078537874736,481.1448669433594,598262,0.0,0.0
2019-04-08 00:00:00+05:30,484.0181029991598,485.56866759643964,467.96470443866065,471.1571350097656,727512,0.0,0.0
2019-04-09 00:00:00+05:30,470.6554091359415,476.1281464514757,461.8990238639305,473.71099853515625,373410,0.0,0.0
2019-04-10 00:00:00+05:30,474.3039654047956,479.3206419619617,470.15381684181773,473.7567138671875,840710,0.0,0.0
2019-04-11 00:00:00+05:30,474.3040047362242,474.7144712592533,467.9191431340058,470.92913818359375,162079,0.0,0.0
2019-04-12 00:00:00+05:30,473.5286884516501,475.8545910200551,467.006986585201,469.1048583984375,848737,0.0,0.0
2019-04-15 00:00:00+05:30,470.70111993897376,473.756765761444,466.09490936624496,468.2840270996094,346940,0.0,0.0
2019-04-16 00:00:00+05:30,470.65547895377495,470.65547895377495,462.8568382565877,467.1894226074219,478902,0.0,0.0
2019-04-18 00:00:00+05:30,470.5642880843834,477.0403392549716,463.4497118299699,475.2616882324219,505695,0.0,0.0
2019-04-22 00:00:00+05:30,472.3885711744231,476.812345897863,457.9770096328046,460.71337890625,693791,0.0,0.0
2019-04-23 00:00:00+05:30,460.75888481778696,465.6387479788452,454.2372115444954,460.43963623046875,367618,0.0,0.0
2019-04-24 00:00:00+05:30,460.62215013206406,465.18276547990627,453.6900092361865,459.299560546875,747725,0.0,0.0
2019-04-25 00:00:00+05:30,462.99364935473443,462.99364935473443,445.5720941493923,448.94696044921875,1187245,0.0,0.0
2019-04-26 00:00:00+05:30,455.14933088690213,463.8144985089975,445.7088532261998,450.5431213378906,849029,0.0,0.0
2019-04-30 00:00:00+05:30,446.02814213171837,454.3284669082795,437.81903522131864,449.85906982421875,1042076,0.0,0.0
2019-05-02 00:00:00+05:30,454.2372742201304,475.1249141185605,450.58878205771975,468.4207763671875,2010622,0.0,0.0
2019-05-03 00:00:00+05:30,469.60645349155084,470.65541709672914,457.42963502715054,460.89569091796875,673974,0.0,0.0
2019-05-06 00:00:00+05:30,460.62210806683987,461.0781695599753,447.1226990043433,451.9569396972656,314874,0.0,0.0
2019-05-07 00:00:00+05:30,452.4130487019672,456.9280690924813,445.8001563570292,446.8034973144531,287311,0.0,0.0
2019-05-08 00:00:00+05:30,449.9502957617496,449.9502957617496,433.349672719641,435.26513671875,654850,0.0,0.0
2019-05-09 00:00:00+05:30,432.0270961805357,436.13165008714316,428.6978524678894,432.255126953125,841679,0.0,0.0
2019-05-10 00:00:00+05:30,431.8902568171641,438.2751180583893,430.385259377461,433.9881286621094,665445,0.0,0.0
2019-05-13 00:00:00+05:30,434.2618327000119,442.19728731980666,426.50878600681875,428.6978759765625,386771,0.0,0.0
2019-05-14 00:00:00+05:30,430.38528727959107,432.11831559026257,422.03936654036147,428.0593566894531,506530,0.0,0.0
2019-05-15 00:00:00+05:30,424.6388584564436,438.7311701710976,424.6388584564436,434.71783447265625,544867,0.0,0.0
2019-05-16 00:00:00+05:30,433.25850383511073,436.99821438274023,424.1372721754242,427.83135986328125,605466,0.0,0.0
2019-05-17 00:00:00+05:30,428.65221847689037,438.73116657469774,426.55431885832616,436.9981384277344,350387,0.0,0.0
2019-05-20 00:00:00+05:30,460.4396542109793,460.4396542109793,439.5520442147303,453.18829345703125,313393,0.0,0.0
2019-05-21 00:00:00+05:30,455.1037959365037,455.1037959365037,437.6366176823817,440.4186096191406,708852,0.0,0.0
2019-05-22 00:00:00+05:30,440.6466444029678,444.52316730723646,429.60995009659865,442.1516418457031,792441,0.0,0.0
2019-05-23 00:00:00+05:30,446.94030988767656,456.4720072226573,440.32741754750174,448.85577392578125,2118710,0.0,0.0
2019-05-24 00:00:00+05:30,450.54320440430587,464.1794276853953,445.3440917381782,461.1238098144531,655521,0.0,0.0
2019-05-27 00:00:00+05:30,461.5342755540047,480.2327985754614,457.93137827653106,477.3595886230469,936898,0.0,0.0
2019-05-28 00:00:00+05:30,478.8189644690929,482.74108210769015,473.8478831458574,478.95574951171875,1554663,0.0,0.0
2019-05-29 00:00:00+05:30,481.418470562761,481.418470562761,475.9457329913657,478.4540710449219,740288,0.0,0.0
2019-05-30 00:00:00+05:30,480.1416144334489,490.4029991444182,474.5320351894891,483.06036376953125,996626,0.0,0.0
2019-05-31 00:00:00+05:30,486.11588164558526,489.80996803556377,477.45071461329877,483.470703125,1424077,0.0,0.0
2019-06-03 00:00:00+05:30,487.07368330653486,492.5920163370234,479.594263552158,484.2461242675781,757760,0.0,0.0
2019-06-04 00:00:00+05:30,480.68885177851655,496.46856955457827,480.68885177851655,490.4029846191406,1207456,0.0,0.0
2019-06-06 00:00:00+05:30,492.8656038699265,493.1848802989573,475.7632989007438,478.2716369628906,746521,0.0,0.0
2019-06-07 00:00:00+05:30,480.6889094590059,486.98258158582985,475.5353912919993,478.2261657714844,293561,0.0,0.0
2019-06-10 00:00:00+05:30,481.0537437264757,489.262851601183,480.09596993716593,486.845703125,366606,0.0,0.0
2019-06-11 00:00:00+05:30,487.0736187837779,494.41619684648674,485.06693730990673,490.49407958984375,662634,0.0,0.0
2019-06-12 00:00:00+05:30,490.4940933776971,495.1915486186987,486.52638099975286,493.8233642578125,553493,0.0,0.0
2019-06-13 00:00:00+05:30,492.22726692359095,493.91467243706256,484.93028191990396,487.9402770996094,382238,0.0,0.0
2019-06-14 00:00:00+05:30,486.3440509910259,493.27616432425395,485.614363640935,490.6766357421875,295478,0.0,0.0
2019-06-17 00:00:00+05:30,488.2138232211483,492.54640735996276,480.7799986932918,482.832275390625,364276,0.0,0.0
2019-06-18 00:00:00+05:30,482.60433502464997,487.89469381687627,479.09268317576283,481.099365234375,327782,0.0,0.0
2019-06-19 00:00:00+05:30,482.51303090877457,491.54307020196956,481.099251498837,484.428466796875,707414,0.0,0.0
2019-06-20 00:00:00+05:30,485.2494758426734,500.7555681158415,482.46751159856694,497.6543273925781,687394,0.0,0.0
2019-06-21 00:00:00+05:30,498.9312507486016,506.6842957785159,494.59866676129656,504.76885986328125,1096693,0.0,0.0
2019-06-24 00:00:00+05:30,508.0069429789937,508.3717587954376,498.93130751241495,504.7232666015625,872206,0.0,0.0
2019-06-25 00:00:00+05:30,504.58656278509017,509.6944304102469,501.6677574257513,505.5442810058594,462745,0.0,0.0
2019-06-26 00:00:00+05:30,507.14044822621514,521.5063871822634,504.6777046994344,518.9524536132812,1316795,0.0,0.0
2019-06-27 00:00:00+05:30,519.8190271615133,523.2394891168534,512.7500724538105,519.7733764648438,1110894,0.0,0.0
2019-06-28 00:00:00+05:30,519.8644374236392,523.5585238881895,515.8054795448975,519.9556274414062,825163,0.0,0.0
2019-07-01 00:00:00+05:30,520.8223484124629,531.5397960374129,518.2684145808338,527.2984008789062,1163755,0.0,0.0
2019-07-02 00:00:00+05:30,529.0313753992928,531.220493014402,523.5586370330932,528.66650390625,424857,0.0,0.0
2019-07-03 00:00:00+05:30,529.9433623635048,529.9433623635048,520.2292319895948,525.7476196289062,520136,0.0,0.0
2019-07-04 00:00:00+05:30,522.6465454101562,528.98581219997,519.40851948303,522.6465454101562,348097,0.0,0.0
2019-07-05 00:00:00+05:30,522.1905087206483,529.9435555750159,517.401862134127,525.1093139648438,876960,0.0,0.0
2019-07-08 00:00:00+05:30,521.6433442458308,521.6433442458308,502.5799447620819,505.3163146972656,389948,0.0,0.0
2019-07-09 00:00:00+05:30,500.7554626464844,504.7231749179544,472.4796532802895,500.7554626464844,2502559,0.0,0.0
2019-07-10 00:00:00+05:30,502.579772573557,510.56084881678504,502.30614680810316,506.5474853515625,599498,0.0,0.0
2019-07-11 00:00:00+05:30,508.9645725887285,510.0591311909739,499.61531296680295,508.8733825683594,563326,0.0,0.0
2019-07-12 00:00:00+05:30,509.42063403370054,515.7143042429391,506.22820391889667,508.8733825683594,840324,0.0,0.0
2019-07-15 00:00:00+05:30,510.33284249742354,512.6131501046507,502.35176587212874,503.0358581542969,589582,0.0,0.0
2019-07-16 00:00:00+05:30,501.6219418567051,505.27043303388405,498.33826639430964,504.1302795410156,567943,0.0,0.0
2019-07-17 00:00:00+05:30,504.4041328223211,511.9747442963686,501.8957940062969,503.2183837890625,656858,0.0,0.0
2019-07-18 00:00:00+05:30,503.21837686665833,504.35853085825784,488.8980315978527,491.58880615234375,723958,0.0,0.0
2019-07-19 00:00:00+05:30,489.8555856982906,494.6898258687221,484.74771979586546,488.2137756347656,579344,0.0,0.0
2019-07-22 00:00:00+05:30,490.2660488694394,494.7810682677588,479.95907144147344,490.49407958984375,792612,0.0,0.0
2019-07-23 00:00:00+05:30,488.4876325514346,494.14280826581347,485.796857624991,490.9959716796875,463460,0.0,0.0
2019-07-24 00:00:00+05:30,488.9893024028714,492.8658266144996,481.28190468408314,484.1550598144531,476682,0.0,0.0
2019-07-25 00:00:00+05:30,483.8812903490934,488.4419057152488,478.77342340762897,481.6009826660156,1724285,0.0,0.0
2019-07-26 00:00:00+05:30,478.7734247265424,479.6855478022862,467.2350455497537,473.5287170410156,1356495,0.0,0.0
2019-07-29 00:00:00+05:30,469.01362266087636,473.89345807732815,465.18269521304404,470.1993713378906,583615,0.0,0.0
2019-07-30 00:00:00+05:30,471.1115284955605,471.1115284955605,465.2739468751636,468.0559387207031,216924,0.0,0.0
2019-07-31 00:00:00+05:30,465.1827745380594,470.38188727015273,456.6544181043708,466.8245849609375,754148,0.0,0.0
2019-08-01 00:00:00+05:30,457.2928391228863,474.30392629695706,456.1070626056741,470.1537780761719,1368061,0.0,0.0
2019-08-02 00:00:00+05:30,465.1827655722951,469.28731938616835,445.4809016985464,459.4364013671875,1264393,0.0,0.0
2019-08-05 00:00:00+05:30,454.60213941401094,463.63215237677633,447.85243416082204,456.7912292480469,1091013,0.0,0.0
2019-08-06 00:00:00+05:30,452.45859692008247,459.7099858067044,440.55540306475837,453.9179992675781,1308432,0.0,0.0
2019-08-07 00:00:00+05:30,453.1427630650856,458.29628105478497,439.32410311468925,440.9203186035156,632838,0.0,0.0
2019-08-08 00:00:00+05:30,437.8190602155116,443.1093627254679,431.4341989207021,439.9625549316406,583859,0.0,0.0
2019-08-09 00:00:00+05:30,442.15166125350447,447.8524304805997,439.64332279358257,442.9269714355469,387709,0.0,0.0
2019-08-13 00:00:00+05:30,445.11603400870496,445.11603400870496,429.1994761664975,432.39190673828125,535974,0.0,0.0
2019-08-14 00:00:00+05:30,432.3462871123798,437.682212045797,425.04930336364765,434.0793151855469,949104,0.0,0.0
2019-08-16 00:00:00+05:30,435.9036554492618,435.9036554492618,426.41758009034584,427.83135986328125,545392,0.0,0.0
2019-08-19 00:00:00+05:30,431.17598932362364,437.9581039913438,427.3668443879049,432.1514892578125,458256,8.55,0.0
2019-08-20 00:00:00+05:30,430.1075528310453,443.0678991498297,430.1075528310453,441.4420471191406,1306549,0.0,0.0
2019-08-21 00:00:00+05:30,443.16075826135483,451.7545465504901,441.34908344314334,448.735107421875,1721523,0.0,0.0
2019-08-22 00:00:00+05:30,448.6886578114371,453.3803902630763,445.9479248489275,448.0847473144531,805042,0.0,0.0
2019-08-23 00:00:00+05:30,447.8060778877418,473.86615053995837,441.9530222356464,453.1481628417969,1305391,0.0,0.0
2019-08-26 00:00:00+05:30,456.21408162668405,467.31634001174467,446.412527585772,455.0063171386719,783583,0.0,0.0
2019-08-27 00:00:00+05:30,455.3313696105603,465.458096988288,448.5027870680559,460.6269836425781,1115041,0.0,0.0
2019-08-28 00:00:00+05:30,463.46072294743294,463.97169365410394,447.8525270238661,450.7790832519531,687754,0.0,0.0
2019-08-29 00:00:00+05:30,450.5932101137865,464.389729537276,447.9453886724937,461.5096435546875,638774,0.0,0.0
2019-08-30 00:00:00+05:30,461.74197840366463,474.23782396911344,459.1406264860962,472.2403259277344,1177972,0.0,0.0
2019-09-03 00:00:00+05:30,471.6828998354795,471.6828998354795,454.77402780781256,457.05023193359375,532959,0.0,0.0
2019-09-04 00:00:00+05:30,458.1186291547843,469.5925042230561,457.09665940834975,467.223388671875,592028,0.0,0.0
2019-09-05 00:00:00+05:30,469.0815846331877,484.78266606136333,462.9962634004769,478.6044616699219,1173111,0.0,0.0
2019-09-06 00:00:00+05:30,480.6947430382354,481.57730297815897,466.6194884013846,468.7098693847656,995080,0.0,0.0
2019-09-09 00:00:00+05:30,464.52910286037894,478.46497594619035,463.1355155517978,477.72174072265625,502793,0.0,0.0
2019-09-11 00:00:00+05:30,476.3281769955449,484.2716137066687,472.0080334429819,481.11279296875,503353,0.0,0.0
2019-09-12 00:00:00+05:30,481.25219503334785,490.96086552129975,481.15931188627803,482.6457824707031,643887,0.0,0.0
2019-09-13 00:00:00+05:30,484.0393424508064,504.89671125446085,474.74876006211525,494.5376892089844,1391769,0.0,0.0
2019-09-16 00:00:00+05:30,492.3544133822081,497.97520425335347,483.85350801557394,493.2370300292969,493322,0.0,0.0
2019-09-17 00:00:00+05:30,493.3299161031863,495.8848262148318,479.208219781412,483.6212463378906,1067490,0.0,0.0
2019-09-18 00:00:00+05:30,485.3865177248359,493.00480708740713,484.2251948557006,488.49884033203125,385956,0.0,0.0
2019-09-19 00:00:00+05:30,490.03177144155296,490.96082966527183,475.9100750999836,482.4134826660156,348877,0.0,0.0
2019-09-20 00:00:00+05:30,484.17860696705316,525.6610132937819,478.69714199910237,513.211669921875,1483750,0.0,0.0
2019-09-23 00:00:00+05:30,548.144392308181,555.1123294985391,523.2920829959032,542.8023071289062,2809069,0.0,0.0
2019-09-24 00:00:00+05:30,544.1958760147056,549.9096069980988,532.8149123251108,539.875732421875,2086193,0.0,0.0
2019-09-25 00:00:00+05:30,538.8071815582433,573.6932970240939,517.5317313428008,557.62060546875,4015631,0.0,0.0
2019-09-26 00:00:00+05:30,561.0118378487045,588.6513225730419,555.0194571129815,574.6690063476562,5258318,0.0,0.0
2019-09-27 00:00:00+05:30,574.1580857459505,577.270408674296,545.4037171980494,549.212890625,3020021,0.0,0.0
2019-09-30 00:00:00+05:30,553.625818818709,568.304927428931,549.073410835282,561.8479614257812,2903317,0.0,0.0
2019-10-01 00:00:00+05:30,589.9518459130234,618.7526446898796,571.3706854118258,594.782958984375,8702870,0.0,0.0
2019-10-03 00:00:00+05:30,589.9518852459809,597.1520854202428,578.15283620002,587.0253295898438,1868252,0.0,0.0
2019-10-04 00:00:00+05:30,588.0938061129073,593.48233201587,567.8867914478903,571.1849365234375,2227939,0.0,0.0
2019-10-07 00:00:00+05:30,558.3640883301481,558.3640883301481,521.2481945784721,533.0936889648438,3305170,0.0,0.0
2019-10-09 00:00:00+05:30,535.2305459795738,538.3893673657954,522.3631092345443,530.4923706054688,2770455,0.0,0.0
2019-10-10 00:00:00+05:30,521.7127340439862,530.8174950380375,521.3411447065048,526.3115844726562,811503,0.0,0.0
2019-10-11 00:00:00+05:30,528.912857069997,529.1451216354332,519.3435683150738,524.1746826171875,798696,0.0,0.0
2019-10-14 00:00:00+05:30,530.4456712110342,555.3908555830035,524.5926172097834,537.227783203125,3189291,0.0,0.0
2019-10-15 00:00:00+05:30,545.3107048799324,555.5767863297663,541.1299431098922,552.7896118164062,3221765,0.0,0.0
2019-10-16 00:00:00+05:30,555.5767519345379,564.8673330705669,548.4694346833928,561.8014526367188,1710063,0.0,0.0
2019-10-17 00:00:00+05:30,564.4027892474672,566.2609054260598,555.0657667910812,556.87744140625,2718516,0.0,0.0
2019-10-18 00:00:00+05:30,556.5058522883343,576.387720110603,552.9754425297176,568.1190795898438,2556249,0.0,0.0
2019-10-22 00:00:00+05:30,585.213824156749,587.8616175315012,560.918927830334,564.8209838867188,2847565,0.0,0.0
2019-10-23 00:00:00+05:30,564.8674102923565,573.6005804361993,559.8969713871659,569.5591430664062,1076177,0.0,0.0
2019-10-24 00:00:00+05:30,565.7964522555762,570.2559203411786,541.5015572804149,545.3107299804688,2699775,0.0,0.0
2019-10-25 00:00:00+05:30,549.2127851514147,555.576811226692,542.2912901253572,546.5184936523438,1076084,0.0,0.0
2019-10-27 00:00:00+05:30,548.1444042250389,560.6402498657892,546.3791707496841,558.17822265625,215361,0.0,0.0
2019-10-29 00:00:00+05:30,561.058147373034,562.3123529875805,549.3984241402343,554.9263305664062,1160422,0.0,0.0
2019-10-30 00:00:00+05:30,559.5717253189896,564.6815452619253,546.7042923265903,550.7921142578125,1751576,0.0,0.0
2019-10-31 00:00:00+05:30,544.4281857842387,565.4248815300068,540.7119524341757,546.6114501953125,3399357,0.0,0.0
2019-11-01 00:00:00+05:30,543.9635572196432,552.7896098133009,530.8638597364038,539.5040893554688,2025302,0.0,0.0
2019-11-04 00:00:00+05:30,538.7609996073845,549.2593483961132,536.1131490913415,537.6461181640625,1582095,0.0,0.0
2019-11-05 00:00:00+05:30,540.2474513046616,544.8927432333345,531.7465443931006,535.9273071289062,811208,0.0,0.0
2019-11-06 00:00:00+05:30,536.531232825976,543.499170914625,532.3504699727865,539.2255249023438,1184456,0.0,0.0
2019-11-07 00:00:00+05:30,538.8537626659012,544.7997579015412,536.809823259574,538.4821166992188,542342,0.0,0.0
2019-11-08 00:00:00+05:30,538.7607528951545,542.709249365935,527.7513816535057,530.3992309570312,1215210,0.0,0.0
2019-11-11 00:00:00+05:30,532.9078487834322,544.9856073766186,522.9204714852202,541.037109375,1452164,0.0,0.0
2019-11-13 00:00:00+05:30,540.7120035525211,549.7238816194417,534.3014777355296,536.0667114257812,1480592,0.0,0.0
2019-11-14 00:00:00+05:30,536.0666096764797,541.5945175991087,531.5606998508866,534.5801391601562,771324,0.0,0.0
2019-11-15 00:00:00+05:30,535.2304426085674,540.4332029042672,527.9373579264261,530.2135620117188,1025774,0.0,0.0
2019-11-18 00:00:00+05:30,536.0666446183005,536.8563214993421,525.614738635708,528.7735595703125,1941042,0.0,0.0
2019-11-19 00:00:00+05:30,530.3992700208242,531.932181799259,524.4997173068612,527.8443603515625,1313981,0.0,0.0
2019-11-20 00:00:00+05:30,538.8538059480112,543.1274513820634,531.0496936625391,537.1350708007812,5306743,0.0,0.0
2019-11-21 00:00:00+05:30,560.2220630527031,560.2220630527031,532.5825831591411,536.2059326171875,4868875,0.0,0.0
2019-11-22 00:00:00+05:30,534.347947464997,534.951801386067,514.9306047308122,518.553955078125,1569013,0.0,0.0
2019-11-25 00:00:00+05:30,517.4855339645375,525.38253044335,514.2338295320853,519.4830322265625,919300,0.0,0.0
2019-11-26 00:00:00+05:30,520.1797270337833,524.5462553621514,515.6273190126667,517.6248168945312,2039345,0.0,0.0
2019-11-27 00:00:00+05:30,517.4853010368505,520.7370040056638,511.260601155511,512.3290405273438,1350016,0.0,0.0
2019-11-28 00:00:00+05:30,513.3047350741795,517.8571436419937,508.8452663639005,513.6298828125,1222592,0.0,0.0
2019-11-29 00:00:00+05:30,516.5565790627699,539.5507792998267,514.512638811762,537.9249267578125,2342285,0.0,0.0
2019-12-02 00:00:00+05:30,538.7609705111155,539.2719412726852,524.917978140024,531.42138671875,1275873,0.0,0.0
2019-12-03 00:00:00+05:30,534.2084919539268,534.2084919539268,515.8131500068173,520.5048828125,810428,0.0,0.0
2019-12-04 00:00:00+05:30,519.343548281188,524.3139871076969,514.7911402921653,516.4169921875,670540,0.0,0.0
2019-12-05 00:00:00+05:30,517.43905870222,532.3039922829342,511.91115018584753,527.33349609375,1395697,0.0,0.0
2019-12-06 00:00:00+05:30,527.3334272766816,535.1375390702078,516.1847285460523,522.4558715820312,2561979,0.0,0.0
2019-12-09 00:00:00+05:30,522.130715750028,527.0082713686893,511.21428174635747,519.5758056640625,1183697,0.0,0.0
2019-12-10 00:00:00+05:30,520.2725880527662,523.4778501594908,512.2827102754693,514.2801513671875,1227875,0.0,0.0
2019-12-11 00:00:00+05:30,513.3045930115702,520.969322228485,512.8400639681208,519.1112060546875,1129844,0.0,0.0
2019-12-12 00:00:00+05:30,518.414584413836,524.6857285801324,518.414584413836,521.8521118164062,730744,0.0,0.0
2019-12-13 00:00:00+05:30,522.1308070038116,539.0396807780758,522.1308070038116,536.6705932617188,2211875,0.0,0.0
2019-12-16 00:00:00+05:30,537.6460464525559,539.4112231892519,531.5142276847628,532.3504028320312,777368,0.0,0.0
2019-12-17 00:00:00+05:30,534.2085345530328,539.504178323559,531.6536241703878,534.85888671875,1106737,0.0,0.0
2019-12-18 00:00:00+05:30,534.4871508365127,536.9491776551699,530.4922120691531,532.6754760742188,937922,0.0,0.0
2019-12-19 00:00:00+05:30,534.2085760449819,534.2085760449819,527.7516088717412,529.0987548828125,413853,0.0,0.0
2019-12-20 00:00:00+05:30,529.0986703689098,542.8951626209383,528.4018766853686,540.200927734375,1630926,0.0,0.0
2019-12-23 00:00:00+05:30,543.4061827382274,546.8436528334639,536.2988645792576,540.572509765625,1833114,0.0,0.0
2019-12-24 00:00:00+05:30,540.5724901061701,545.3107209415689,529.8418792547156,534.394287109375,736534,0.0,0.0
2019-12-26 00:00:00+05:30,534.2085642034968,534.8589164053109,525.8470388507465,527.0083618164062,556086,0.0,0.0
2019-12-27 00:00:00+05:30,529.5629912542014,534.4869866739475,528.7268164806702,532.3966064453125,1061815,0.0,0.0
2019-12-30 00:00:00+05:30,531.4213177264527,538.8537837086408,531.4213177264527,535.7879028320312,789099,0.0,0.0
2019-12-31 00:00:00+05:30,537.6459531063119,538.8537173386154,530.445752572908,531.328369140625,566412,0.0,0.0
2020-01-01 00:00:00+05:30,533.0936381267043,535.5092237159142,530.4922862427397,532.3504028320312,615465,0.0,0.0
2020-01-02 00:00:00+05:30,535.0911786149328,535.0911786149328,528.1232408520121,531.42138671875,835523,0.0,0.0
2020-01-03 00:00:00+05:30,533.3258654808651,534.8123926716881,526.4508686034063,529.2844848632812,1086282,0.0,0.0
2020-01-06 00:00:00+05:30,525.893502593524,527.7051778373558,519.3436521321864,522.316650390625,944473,0.0,0.0
2020-01-07 00:00:00+05:30,524.9644727952983,527.4265004025491,515.3951819744037,516.8816528320312,532397,0.0,0.0
2020-01-08 00:00:00+05:30,512.8402059021666,517.1138516025962,505.268357716269,513.6298828125,937862,0.0,0.0
2020-01-09 00:00:00+05:30,518.4144887641286,523.8959549654048,516.3241077610475,521.6197509765625,529238,0.0,0.0
2020-01-10 00:00:00+05:30,523.8031264216576,525.1502724731602,520.923067998632,523.5708618164062,627150,0.0,0.0
2020-01-13 00:00:00+05:30,523.5707371033922,527.1476451953885,519.8080627356245,521.9448852539062,562622,0.0,0.0
2020-01-14 00:00:00+05:30,521.9448203717036,530.3063431296508,521.898378808534,526.7294921875,581279,0.0,0.0
2020-01-15 00:00:00+05:30,526.3113538652204,526.3113538652204,516.5562449233232,517.5781860351562,789912,0.0,0.0
2020-01-16 00:00:00+05:30,523.8959622062576,524.9179035842474,514.7911461250495,518.4609375,1061246,0.0,0.0
2020-01-17 00:00:00+05:30,518.3215889317587,520.7835591218626,513.1652705927088,515.0698852539062,472663,0.0,0.0
2020-01-20 00:00:00+05:30,514.6982401779596,516.8815042547525,510.1923306129992,511.8646240234375,393683,0.0,0.0
2020-01-21 00:00:00+05:30,511.4465582998906,514.93052668068,510.98202918245204,512.4220581054688,327726,0.0,0.0
2020-01-22 00:00:00+05:30,511.9111859708977,513.7228612187363,507.54460008527326,511.2608337402344,628321,0.0,0.0
2020-01-23 00:00:00+05:30,510.09948288076225,515.9525392268089,508.47363074545916,513.6763916015625,1063748,0.0,0.0
2020-01-24 00:00:00+05:30,513.6763581761608,523.0598243500873,513.3047121730431,521.52685546875,1002863,0.0,0.0
2020-01-27 00:00:00+05:30,519.3435597367932,533.7439625559708,517.4854432439961,529.7490234375,1280402,0.0,0.0
2020-01-28 00:00:00+05:30,534.0691449830613,538.7609347965866,528.6341765703569,531.1890869140625,1132177,0.0,0.0
2020-01-29 00:00:00+05:30,534.208421492882,540.6189452328798,529.9812183681973,538.528564453125,902503,0.0,0.0
2020-01-30 00:00:00+05:30,538.8537814785789,543.1739249949328,528.1696116734001,532.16455078125,1345292,0.0,0.0
2020-01-31 00:00:00+05:30,532.1644655521467,537.7852556866708,523.1525906882983,526.7759399414062,692547,0.0,0.0
2020-02-03 00:00:00+05:30,501.7844061267271,513.7228402798245,501.7844061267271,506.4761962890625,856408,0.0,0.0
2020-02-04 00:00:00+05:30,509.1240409876929,527.7052103668058,509.0311578228889,526.1722412109375,779973,0.0,0.0
2020-02-05 00:00:00+05:30,526.3115612187237,557.4350162952061,512.8402149915895,552.3251953125,2991672,0.0,0.0
2020-02-06 00:00:00+05:30,556.924083072802,559.4789937363474,540.9907084344188,543.3133544921875,1073812,0.0,0.0
2020-02-07 00:00:00+05:30,541.6409297165123,546.6113683963199,532.3503477316665,534.394287109375,782279,0.0,0.0
2020-02-10 00:00:00+05:30,529.1450641204588,535.0446174644179,522.9668613745232,531.83935546875,739211,0.0,0.0
2020-02-11 00:00:00+05:30,535.0910712626534,540.6189787865824,530.399338784607,533.9297485351562,836442,0.0,0.0
2020-02-12 00:00:00+05:30,533.6510370442589,535.8807426354591,528.8199232055091,530.6780395507812,526605,0.0,0.0
2020-02-13 00:00:00+05:30,530.3993315398167,532.3038894458551,524.4533365741635,525.846923828125,446752,0.0,0.0
2020-02-14 00:00:00+05:30,524.917841691456,526.7295163799283,518.4608763685461,520.4583740234375,684950,0.0,0.0
2020-02-17 00:00:00+05:30,521.8521166250613,522.3166458268452,509.91368211608057,512.236328125,551122,0.0,0.0
2020-02-18 00:00:00+05:30,512.7942971284775,513.9103929723129,494.5184476577706,498.0527038574219,799197,0.6,0.0
2020-02-19 00:00:00+05:30,499.5407794584983,522.234519485781,498.00619738841414,515.6310424804688,1032847,0.0,0.0
2020-02-20 00:00:00+05:30,512.8408341609224,520.8394167832979,509.67857213794156,511.585205078125,539812,0.0,0.0
2020-02-24 00:00:00+05:30,510.60859813829404,524.5131605703207,503.40055326475715,509.67852783203125,777678,0.0,0.0
2020-02-25 00:00:00+05:30,509.86471569099604,512.4224098481073,502.6101763442269,504.0982666015625,601461,0.0,0.0
2020-02-26 00:00:00+05:30,497.9597306397233,504.28419820665306,474.47542391235936,479.7303161621094,1684463,0.0,0.0
2020-02-27 00:00:00+05:30,475.3590010154219,484.89219451066083,467.40688183281725,477.1261291503906,1504002,0.0,0.0
2020-02-28 00:00:00+05:30,470.7086676989938,493.169863737051,457.78069392082307,474.0104064941406,2747757,0.0,0.0
2020-03-02 00:00:00+05:30,478.0562000752498,486.9383613107978,456.66458022752465,461.4544372558594,729206,0.0,0.0
2020-03-03 00:00:00+05:30,464.2446299151698,474.66142964606775,451.08413956136724,455.3159484863281,1337625,0.0,0.0
2020-03-04 00:00:00+05:30,458.15263782172724,466.33724515057975,436.06346808270075,445.4571838378906,2246982,0.0,0.0
2020-03-05 00:00:00+05:30,447.73588059299607,448.75896369989186,429.6925206825908,433.55230712890625,2296805,0.0,0.0
2020-03-06 00:00:00+05:30,418.7176811167384,422.15892436679354,409.23095223427333,413.2767639160156,1328003,0.0,0.0
2020-03-09 00:00:00+05:30,396.39601021183245,403.6040557096101,383.5145296778144,388.0718688964844,1748115,0.0,0.0
2020-03-11 00:00:00+05:30,385.88626632327265,387.8394201590471,363.7040779827997,367.0523376464844,2468237,0.0,0.0
2020-03-12 00:00:00+05:30,351.52006021803146,358.44906650859156,326.45465577850734,349.8459167480469,2759835,0.0,0.0
2020-03-13 00:00:00+05:30,318.0840956379733,374.0278278344436,279.90471481026475,361.4253845214844,1918709,0.0,0.0
2020-03-16 00:00:00+05:30,351.566583833037,360.1697343633428,327.38475531542065,330.03546142578125,1911154,0.0,0.0
2020-03-17 00:00:00+05:30,332.0351551404756,342.17291750588015,314.3638163514867,317.57257080078125,1059684,0.0,0.0
2020-03-18 00:00:00+05:30,317.1539924796259,320.8742739163371,271.06901753576443,277.5329895019531,2805857,0.0,0.0
2020-03-19 00:00:00+05:30,269.7203985623541,283.20641849047183,251.30501718632212,265.9071044921875,1787595,0.0,0.0
2020-03-20 00:00:00+05:30,268.27877263577477,327.7102554178873,268.27877263577477,308.6903076171875,3786936,0.0,0.0
2020-03-23 00:00:00+05:30,280.8812358665559,288.74034140231225,264.60500531137467,278.23052978515625,1900207,0.0,0.0
2020-03-24 00:00:00+05:30,284.6944697324317,305.06299970689577,252.04900280661207,259.8150939941406,2463399,0.0,0.0
2020-03-25 00:00:00+05:30,251.11904482752658,267.76730175235514,244.9805736105981,265.81414794921875,2323539,0.0,0.0
2020-03-26 00:00:00+05:30,264.1399723554877,292.36761240186627,255.76933942872932,284.322509765625,2537652,0.0,0.0
2020-03-27 00:00:00+05:30,302.5983890149704,326.9662147494742,284.60152236517933,287.5777587890625,2980083,0.0,0.0
2020-03-30 00:00:00+05:30,283.85748566747714,292.4141159627063,271.8595552979957,282.9739074707031,1414245,0.0,0.0
2020-03-31 00:00:00+05:30,287.4847781916838,311.24806653986315,287.4847781916838,308.4578552246094,2472904,0.0,0.0
2020-04-01 00:00:00+05:30,310.6434933639887,314.084764973215,289.5308853059127,295.2973327636719,1305776,0.0,0.0
2020-04-03 00:00:00+05:30,298.55254946553646,306.9231816935422,280.8812147619689,283.2063903808594,1536089,0.0,0.0
2020-04-07 00:00:00+05:30,292.97218765973753,311.52710423158646,290.553998846799,306.17919921875,1479799,0.0,0.0
2020-04-08 00:00:00+05:30,306.6906988136777,329.19841270321206,305.15608840836734,310.4109802246094,1536264,0.0,0.0
2020-04-09 00:00:00+05:30,312.5036635771543,357.7981047406942,312.5036635771543,348.078857421875,4174364,0.0,0.0
2020-04-13 00:00:00+05:30,353.42676460184623,370.91207739190713,349.7064828691952,355.4729309082031,2845404,0.0,0.0
2020-04-15 00:00:00+05:30,355.7519529897998,370.91209022132534,354.0313169522345,356.728515625,1724865,0.0,0.0
2020-04-16 00:00:00+05:30,358.077029807627,359.00710001491956,341.0567563675696,345.1025390625,1818967,0.0,0.0
2020-04-17 00:00:00+05:30,361.0067783389241,367.2847528129817,344.2655130747705,350.5434875488281,2008707,0.0,0.0
2020-04-20 00:00:00+05:30,353.4267227845086,356.72846107817696,342.8239267776721,344.405029296875,1953729,0.0,0.0
2020-04-21 00:00:00+05:30,341.6148460554602,347.79983691300276,335.89491878071783,340.1732482910156,1414222,0.0,0.0
2020-04-22 00:00:00+05:30,337.6155642475679,344.91662275992405,333.43024733540796,341.3358459472656,808825,0.0,0.0
2020-04-23 00:00:00+05:30,341.33578912170276,347.4742585809713,337.5224953376502,342.079833984375,547744,0.0,0.0
2020-04-24 00:00:00+05:30,342.26593022199404,350.26454187670765,334.36033129023605,335.84844970703125,934149,0.0,0.0
2020-04-27 00:00:00+05:30,336.6854930141378,351.56661977719364,329.29142180034574,333.61627197265625,752243,0.0,0.0
2020-04-28 00:00:00+05:30,333.05818798419324,342.2193863325726,327.80329634160313,332.22113037109375,1231881,0.0,0.0
2020-04-29 00:00:00+05:30,334.8253141680834,344.21903004783115,332.2676207959661,340.4987487792969,1320934,0.0,0.0
2020-04-30 00:00:00+05:30,345.05616584351145,355.19392892070437,343.2890375172393,346.9627990722656,1463249,0.0,0.0
2020-05-04 00:00:00+05:30,343.196065295614,345.05620657092896,318.3631679167577,323.9901123046875,989252,0.0,0.0
2020-05-05 00:00:00+05:30,327.84979207175115,342.1263773464681,309.99243034167944,312.5036315917969,1824014,0.0,0.0
2020-05-06 00:00:00+05:30,315.29387241438536,329.24492871590684,303.06345206675087,326.8732604980469,1552800,0.0,0.0
2020-05-07 00:00:00+05:30,326.87326065357047,341.196339453248,321.1068126927993,334.2673034667969,1208478,0.0,0.0
2020-05-08 00:00:00+05:30,332.9187357399003,340.91731906669276,331.4306173127651,333.66278076171875,786847,0.0,0.0
2020-05-11 00:00:00+05:30,333.8952390405565,343.52147236090343,331.7560886953652,339.4291687011719,1107637,0.0,0.0
2020-05-12 00:00:00+05:30,341.2428686496685,348.7764455502539,334.2673397386634,336.96453857421875,1266333,0.0,0.0
2020-05-13 00:00:00+05:30,347.8463707706344,357.14707587145347,339.4757361798972,353.8453369140625,1959743,0.0,0.0
2020-05-14 00:00:00+05:30,355.93796781676286,367.2848101251883,348.17187398623776,351.98516845703125,2553969,0.0,0.0
2020-05-15 00:00:00+05:30,352.4501376785037,358.86761681944154,345.2420931369558,351.89208984375,1983342,0.0,0.0
2020-05-18 00:00:00+05:30,354.26380535671075,354.91486598215783,319.43268633219753,325.0596008300781,1826005,0.0,0.0
2020-05-19 00:00:00+05:30,330.17498791223545,339.2896663659918,323.57148247729157,326.0361633300781,2538310,0.0,0.0
2020-05-20 00:00:00+05:30,321.4323415195361,329.6169498288023,317.2470246465825,326.2221984863281,1422453,0.0,0.0
2020-05-21 00:00:00+05:30,330.17502879217363,336.6855223176531,325.8036860716663,333.9418029785156,1830218,0.0,0.0
2020-05-22 00:00:00+05:30,332.6862784434857,339.47578274498403,321.15337982973017,323.9901123046875,1839833,0.0,0.0
2020-05-26 00:00:00+05:30,325.9897168712671,330.9190792679891,318.5956448926844,326.6407775878906,755150,0.0,0.0
2020-05-27 00:00:00+05:30,330.1749394158736,330.63997454181145,315.57282510802844,325.6640930175781,1211102,0.0,0.0
2020-05-28 00:00:00+05:30,326.9197297426066,334.77883559479545,322.9204385699925,327.0592346191406,1313121,0.0,0.0
2020-05-29 00:00:00+05:30,327.38482470649853,359.7512676138547,321.9439064601025,349.7995300292969,5144624,0.0,0.0
2020-06-01 00:00:00+05:30,353.4267255837512,384.1190464897085,353.4267255837512,366.8197326660156,5182486,0.0,0.0
2020-06-02 00:00:00+05:30,368.4008740189292,372.95821309072034,359.1931831629645,364.1690368652344,3089307,0.0,0.0
2020-06-03 00:00:00+05:30,366.4477374526135,376.86453728182227,359.3327045721744,362.2624206542969,2598118,0.0,0.0
2020-06-04 00:00:00+05:30,363.6575046704637,369.05190131473523,358.6816226510871,363.0994567871094,2283389,0.0,0.0
2020-06-05 00:00:00+05:30,365.9826739219567,381.23582161837123,365.1921084667734,374.4463195800781,3315528,0.0,0.0
2020-06-08 00:00:00+05:30,380.39880903210593,390.5830916786627,373.237255308176,382.7704772949219,2611698,0.0,0.0
2020-06-09 00:00:00+05:30,397.1400529897444,404.5341238777292,382.7704542389421,390.2575378417969,8761201,0.0,0.0
2020-06-10 00:00:00+05:30,391.5596487125608,393.0477670684528,379.32922830714574,381.3753662109375,1775388,0.0,0.0
2020-06-11 00:00:00+05:30,381.3288499600391,381.3288499600391,361.0998195048419,362.6344299316406,2555278,0.0,0.0
2020-06-12 00:00:00+05:30,344.126042435794,369.70297802223814,339.56870322618124,366.9592590332031,2082575,0.0,0.0
2020-06-15 00:00:00+05:30,364.029558187881,370.8190893115187,355.28690188111824,357.0075378417969,2062849,0.0,0.0
2020-06-16 00:00:00+05:30,359.89080115528037,365.70374193900375,346.68378834126094,352.07818603515625,3319565,0.0,0.0
2020-06-17 00:00:00+05:30,351.1014780111524,364.26196482149527,347.8927246732843,357.6119689941406,1534928,0.0,0.0
2020-06-18 00:00:00+05:30,358.0770447310735,374.91132186136247,356.26339639787017,372.4931335449219,2314004,0.0,0.0
2020-06-19 00:00:00+05:30,373.88826708943395,383.1424780884529,371.42358642835404,380.44525146484375,2254559,0.0,0.0
2020-06-22 00:00:00+05:30,381.3288189814641,388.76938130305365,377.7480426875006,386.90924072265625,1198721,0.0,0.0
2020-06-23 00:00:00+05:30,392.48972393863994,396.9540506774341,386.21174849649344,392.0246887207031,1561486,0.0,0.0
2020-06-24 00:00:00+05:30,393.745295483017,398.67465707392864,386.11870712144184,388.5368957519531,2099508,0.0,0.0
2020-06-25 00:00:00+05:30,387.7928751774101,399.6977652677033,381.8404017487667,396.3960266113281,2307219,0.0,0.0
2020-06-26 00:00:00+05:30,399.00024207235884,408.3009470157705,393.4198191063119,403.4645690917969,2228557,0.0,0.0
2020-06-29 00:00:00+05:30,404.6736324222323,404.6736324222323,381.6543902665165,388.7229309082031,3284690,0.0,0.0
2020-06-30 00:00:00+05:30,392.3967037922283,395.2799277655706,386.90929400112327,388.6764221191406,2304139,0.0,0.0
2020-07-01 00:00:00+05:30,390.5365287190502,390.5365287190502,374.1672851157851,384.1190490722656,1327093,0.0,0.0
2020-07-02 00:00:00+05:30,390.53650686891893,395.04735342641345,382.3053791726236,392.908203125,1156613,0.0,0.0
2020-07-03 00:00:00+05:30,394.67535890550045,401.69737869827316,393.5127709673928,399.8837585449219,923889,0.0,0.0
2020-07-06 00:00:00+05:30,401.2323657010799,416.85756548302436,398.1631447282228,401.32537841796875,2893276,0.0,0.0
2020-07-07 00:00:00+05:30,401.32528104560316,402.48786876589753,394.3497547238372,399.93017578125,1001696,0.0,0.0
2020-07-08 00:00:00+05:30,401.7904127586454,415.4624589906366,388.9554525933649,405.138671875,3436552,0.0,0.0
2020-07-09 00:00:00+05:30,408.11488329893956,412.02119036231943,395.372935751241,398.16314697265625,1590266,0.0,0.0
2020-07-10 00:00:00+05:30,397.60508238469174,403.5575270641612,394.1638106691338,400.06976318359375,1881859,0.0,0.0
2020-07-13 00:00:00+05:30,404.58064781761846,407.2313542903645,392.86175441102927,395.698486328125,1275777,0.0,0.0
2020-07-14 00:00:00+05:30,393.6522077950822,397.1399710064976,389.23437439395605,393.6986999511719,1282535,0.0,0.0
2020-07-15 00:00:00+05:30,394.76835522867293,416.02043914821826,388.1183297919731,400.8138122558594,2609852,0.0,0.0
2020-07-16 00:00:00+05:30,400.81384068268653,401.79040322601827,390.8620762864217,399.8372497558594,1666639,0.0,0.0
2020-07-17 00:00:00+05:30,403.51106152573874,428.66945529096733,400.4883326297853,417.2760925292969,5518921,0.0,0.0
2020-07-20 00:00:00+05:30,438.9932275253851,440.76035560355507,412.3001957694898,415.0439147949219,7216161,0.0,0.0
2020-07-21 00:00:00+05:30,415.7414549781752,433.31977927706345,415.7414549781752,424.99566650390625,4376897,0.0,0.0
2020-07-22 00:00:00+05:30,425.6002143300425,427.8323775798469,414.9044048905463,420.0662841796875,1414955,0.0,0.0
2020-07-23 00:00:00+05:30,420.7638237799772,426.0187156197023,416.90403747558594,419.46173095703125,956982,0.0,0.0
2020-07-24 00:00:00+05:30,418.5316362274692,420.57780224686746,411.5561089570114,417.04351806640625,799340,0.0,0.0
2020-07-27 00:00:00+05:30,414.4393420698709,416.02044459064626,406.0221886071934,412.1141662597656,1581583,0.0,0.0
2020-07-28 00:00:00+05:30,413.8813360690018,426.90232192285805,413.0442783693818,421.3218994140625,1341289,0.0,0.0
2020-07-29 00:00:00+05:30,423.9725729454893,432.01767576253843,415.5089271192983,419.36871337890625,1578809,0.0,0.0
2020-07-30 00:00:00+05:30,420.3918933052052,425.5072813874588,414.0674248478193,418.4852600097656,1828510,0.0,0.0
2020-07-31 00:00:00+05:30,415.74148459119397,421.78694242081986,408.90546121484067,419.5547790527344,1333011,0.0,0.0
2020-08-03 00:00:00+05:30,416.857614778716,423.7401308899397,412.672297475249,420.2988586425781,935586,0.0,0.0
2020-08-04 00:00:00+05:30,421.9730006341045,431.78523313547976,418.99676365650754,423.78662109375,1863388,0.0,0.0
2020-08-05 00:00:00+05:30,425.0421676471817,434.3428715344286,424.2516021400666,425.8327331542969,1266857,0.0,0.0
2020-08-06 00:00:00+05:30,428.2044269816863,431.36666081636497,421.8334387600043,426.71630859375,734437,0.0,0.0
2020-08-07 00:00:00+05:30,427.8323676573645,430.15754356854586,417.69460636131294,424.0190734863281,1068577,0.0,0.0
2020-08-10 00:00:00+05:30,402.7204652982987,408.20787473767354,340.359259103773,359.3791809082031,18122379,0.0,0.0
2020-08-11 00:00:00+05:30,362.26239682623645,364.5875726723612,349.7064472571628,350.91552734375,6722936,0.0,0.0
2020-08-12 00:00:00+05:30,351.5666137201709,351.9386362061385,335.94144224156184,337.3365478515625,6927064,0.0,0.0
2020-08-13 00:00:00+05:30,339.47569571539196,352.96171650408564,339.47569571539196,350.72955322265625,7011834,0.0,0.0
2020-08-14 00:00:00+05:30,353.42677103849724,358.0771232890038,346.3582299410278,353.05474853515625,4329309,0.0,0.0
2020-08-17 00:00:00+05:30,356.21696459312216,361.4253645301908,350.1715069694791,358.774658203125,5391429,0.0,0.0
2020-08-18 00:00:00+05:30,360.5882606479598,366.4476920868139,358.17007223160215,365.1455993652344,3333309,0.0,0.0
2020-08-19 00:00:00+05:30,365.5176516222425,370.12151125943205,364.77360668735093,365.7966613769531,2585539,0.0,0.0
2020-08-20 00:00:00+05:30,363.65751232546654,368.63339444958564,358.3560998972472,365.4711608886719,1926477,0.0,0.0
2020-08-21 00:00:00+05:30,367.28480256969783,370.6330617528216,364.77362946997744,366.5872497558594,1376188,0.0,0.0
2020-08-24 00:00:00+05:30,369.2379506083891,369.8890112449762,360.82082480056357,365.192138671875,1334318,0.0,0.0
2020-08-25 00:00:00+05:30,365.9826868024235,367.14527475287593,359.56520699262506,365.7966613769531,1877395,0.0,0.0
2020-08-26 00:00:00+05:30,365.5641963969186,367.8428804611394,362.77398491428033,366.2617492675781,2160596,0.0,0.0
2020-08-27 00:00:00+05:30,367.1452512294996,369.60993184984517,364.30854816554415,367.8428039550781,1315767,0.0,0.0
2020-08-28 00:00:00+05:30,367.74978596306664,384.02601599264653,366.49418539837194,380.49176025390625,5527399,0.0,0.0
2020-08-31 00:00:00+05:30,384.07264977041865,392.4432848249124,362.82053176092063,365.5177307128906,5608228,0.0,0.0
2020-09-01 00:00:00+05:30,369.33096083778383,377.37606410629587,362.91348076627986,373.4697570800781,2272872,0.0,0.0
2020-09-02 00:00:00+05:30,374.77184970814426,377.3760352709728,366.4477089260956,369.3309326171875,1403646,0.0,0.0
2020-09-03 00:00:00+05:30,370.16802341397533,379.18971775007634,370.16802341397533,372.5862121582031,2164330,0.0,0.0
2020-09-04 00:00:00+05:30,368.3078851903348,372.6792275043258,361.0998394574431,364.30859375,993434,0.0,0.0
2020-09-07 00:00:00+05:30,364.30858352084437,368.7264178782489,355.89142945190235,358.681640625,1461789,0.0,0.0
2020-09-08 00:00:00+05:30,360.8673220152385,367.284802219738,357.61207555376086,361.1463317871094,1494140,0.0,0.0
2020-09-09 00:00:00+05:30,356.1704736536135,356.1704736536135,343.6610153281876,348.8694152832031,3269239,0.0,0.0
2020-09-10 00:00:00+05:30,351.0551017279445,351.0551017279445,338.5456428568937,341.8473815917969,4485395,0.0,0.0
2020-09-11 00:00:00+05:30,346.358172326822,358.0770637254442,344.45153957466806,356.9609680175781,3692153,0.0,0.0
2020-09-14 00:00:00+05:30,359.3327452742332,363.65756744567244,350.6830725478555,357.3330993652344,2324823,0.0,0.0
2020-09-15 00:00:00+05:30,358.0770255821694,363.33191651466433,354.6357545023994,361.5647888183594,1415179,0.0,0.0
2020-09-16 00:00:00+05:30,360.9602875702071,363.09943789770415,357.14699367974043,360.12322998046875,1545339,0.0,0.0
2020-09-17 00:00:00+05:30,360.2162109385692,365.3315975190128,357.19348250467067,361.6578369140625,2620870,0.0,0.0
2020-09-18 00:00:00+05:30,361.75088357371544,368.5868781206005,360.4952828912382,362.0763854980469,2125625,0.0,0.0
2020-09-21 00:00:00+05:30,363.528678623893,363.528678623893,348.5846403206532,354.6746826171875,1833235,2.85,0.0
2020-09-22 00:00:00+05:30,355.0962974860333,356.0332270308513,340.71442325451244,347.3197937011719,1147364,0.0,0.0
2020-09-23 00:00:00+05:30,351.34857385961897,355.47105807434116,348.49095022935546,353.3161315917969,2567644,0.0,0.0
2020-09-24 00:00:00+05:30,349.8964010662521,354.62788452168365,342.916263500492,347.6946105957031,2226095,0.0,0.0
2020-09-25 00:00:00+05:30,348.72517065715283,356.0332093057753,344.8368903654792,351.5827941894531,1176532,0.0,0.0
2020-09-28 00:00:00+05:30,352.56658229388836,364.93406393364614,352.56658229388836,356.3143005371094,1541157,0.0,0.0
2020-09-29 00:00:00+05:30,358.28179218603753,361.65474370077374,349.1467306547356,351.25482177734375,1380024,0.0,0.0
2020-09-30 00:00:00+05:30,351.3485328065417,351.489066501101,339.16845033591494,341.9324035644531,2170449,0.0,0.0
2020-10-01 00:00:00+05:30,343.85315129865677,346.242310258835,332.89106392094436,333.7811584472656,2242160,0.0,0.0
2020-10-05 00:00:00+05:30,333.3594737173327,336.26396061627497,328.86222397193717,330.314453125,2883385,0.0,0.0
2020-10-06 00:00:00+05:30,331.67307085648855,339.07480880958036,329.14334955689515,337.7162780761719,1592783,0.0,0.0
2020-10-07 00:00:00+05:30,337.29467063368617,341.7919214716726,332.6100224304405,340.90185546875,1544189,0.0,0.0
2020-10-08 00:00:00+05:30,343.85306703327785,344.2278330499011,339.16842034345115,342.9161376953125,1083964,0.0,0.0
2020-10-09 00:00:00+05:30,340.1054130297273,358.84400327929905,338.09102029646226,346.5702209472656,2863357,0.0,0.0
2020-10-12 00:00:00+05:30,349.42782207692716,354.15930398671344,345.7269396060774,347.1791687011719,1735101,0.0,0.0
2020-10-13 00:00:00+05:30,345.53955731324317,345.7269546336401,337.528822240566,340.66754150390625,1897235,0.0,0.0
2020-10-14 00:00:00+05:30,339.4495273530687,343.8531071929391,335.6549745282573,341.8387145996094,938310,0.0,0.0
2020-10-15 00:00:00+05:30,342.9161914300602,345.2585151420142,333.54689658224436,335.3270568847656,1037468,0.0,0.0
2020-10-16 00:00:00+05:30,341.0423540527812,348.4440917326154,337.76310064842755,347.4603271484375,1711123,0.0,0.0
2020-10-19 00:00:00+05:30,349.42794418067746,361.56116667916893,347.5540847746255,358.7972412109375,2033332,0.0,0.0
2020-10-20 00:00:00+05:30,357.9538400251633,362.82588399102576,354.3935199989813,359.26556396484375,1323005,0.0,0.0
2020-10-21 00:00:00+05:30,360.9989078316288,368.5880421411006,358.89081655637654,367.0421142578125,1534158,0.0,0.0
2020-10-22 00:00:00+05:30,367.2763510550318,372.2420657928833,360.9989121891578,370.97723388671875,1102171,0.0,0.0
2020-10-23 00:00:00+05:30,370.13401574271154,371.49257505836374,359.4998879816284,361.2331848144531,1543910,0.0,0.0
2020-10-26 00:00:00+05:30,361.23314419625507,364.4655622912352,355.8457997665003,360.4836120605469,1243433,0.0,0.0
2020-10-27 00:00:00+05:30,360.43675873360894,375.52129949718596,355.4241806260771,372.14837646484375,2381246,0.0,0.0
2020-10-28 00:00:00+05:30,374.3501616758573,375.70872085673096,360.7646842383944,365.261962890625,1880141,0.0,0.0
2020-10-29 00:00:00+05:30,362.59171247814425,365.7772670242463,354.76834552135693,359.6872253417969,915022,0.0,0.0
2020-10-30 00:00:00+05:30,361.4674115981083,370.8367071666733,358.7034865610742,366.2457580566406,1341668,0.0,0.0
2020-11-02 00:00:00+05:30,367.2763669272094,369.5249920265672,361.0926264593609,367.4169006347656,965278,0.0,0.0
2020-11-03 00:00:00+05:30,367.32319819640355,376.1771933882484,365.9178039496231,373.6943359375,1535958,0.0,0.0
2020-11-04 00:00:00+05:30,374.77176809310043,376.3645595446228,370.36818838087976,372.85107421875,1393413,0.0,0.0
2020-11-05 00:00:00+05:30,374.0691178209325,383.5789469073339,373.08535324375384,381.61138916015625,1778251,0.0,0.0
2020-11-06 00:00:00+05:30,371.02407227931803,373.83486070567653,348.44406620234133,354.2061767578125,13573170,0.0,0.0
2020-11-09 00:00:00+05:30,356.9701223759716,359.2656109779836,351.5827780094051,356.407958984375,3100541,0.0,0.0
2020-11-10 00:00:00+05:30,357.90709933530496,364.8403725043879,354.7215444838692,363.62237548828125,2457889,0.0,0.0
2020-11-11 00:00:00+05:30,364.2781879792524,382.26724630113995,362.21696017939905,375.00604248046875,3859064,0.0,0.0
2020-11-12 00:00:00+05:30,375.4277019264952,377.3015611253441,372.8979805709204,374.44390869140625,1905529,0.0,0.0
2020-11-13 00:00:00+05:30,373.36633476527186,377.5825167136877,368.2132234949858,374.6311950683594,1652461,0.0,0.0
2020-11-14 00:00:00+05:30,378.3321415184181,389.57529613819656,374.7718206592832,386.67083740234375,923318,0.0,0.0
2020-11-17 00:00:00+05:30,390.5590744605205,390.5590744605205,376.5988303907789,383.2510070800781,2992236,0.0,0.0
2020-11-18 00:00:00+05:30,385.79934890476096,386.41284669572303,373.7652407737868,385.3274230957031,1896679,3.0,0.0
2020-11-19 00:00:00+05:30,383.0149751096937,391.6984215179836,380.98569989155817,385.3274230957031,2169845,0.0,0.0
2020-11-20 00:00:00+05:30,386.9791564941406,394.81311326251796,385.2802351335972,386.9791564941406,2623059,0.0,0.0
2020-11-23 00:00:00+05:30,390.7546152146795,395.332301854216,386.88481737082185,389.197265625,1601718,0.0,0.0
2020-11-24 00:00:00+05:30,391.1793353302383,393.11421972804123,383.77009397551103,387.8758544921875,1608608,0.0,0.0
2020-11-25 00:00:00+05:30,387.8759000497294,390.14113855821194,376.26650588714205,377.2103576660156,1877065,0.0,0.0
2020-11-26 00:00:00+05:30,379.42841369341875,386.0353761209161,371.2168917261868,384.52520751953125,2197699,0.0,0.0
2020-11-27 00:00:00+05:30,385.32746185283827,390.7074281388531,375.2754468696649,383.2509765625,5685513,0.0,0.0
2020-12-01 00:00:00+05:30,386.5072927439978,389.81077387856186,375.0866807751195,386.64886474609375,3164488,0.0,0.0
2020-12-02 00:00:00+05:30,389.810834425676,390.28276037534386,382.26001923098977,386.7904968261719,2200909,0.0,0.0
2020-12-03 00:00:00+05:30,391.69847602846465,399.1548990884336,384.14766203273524,394.1524963378906,5670711,0.0,0.0
2020-12-04 00:00:00+05:30,396.4176925781974,397.0311903892313,386.0825055000678,389.4803771972656,2617938,0.0,0.0
2020-12-07 00:00:00+05:30,388.86691993492065,392.1704010508726,386.03536469267607,387.3095703125,2571744,0.0,0.0
2020-12-08 00:00:00+05:30,387.0736303877273,390.7074655921251,380.0891328024329,381.8352355957031,3399029,0.0,0.0
2020-12-09 00:00:00+05:30,384.19484030038774,385.7050088493486,378.8620837155576,380.7969970703125,2934474,0.0,0.0
2020-12-10 00:00:00+05:30,382.8262768094078,383.2038117498252,369.0932165196755,379.66436767578125,2098666,0.0,0.0
2020-12-11 00:00:00+05:30,383.20375608686163,386.412845820372,373.7652399270867,378.3429260253906,2878119,0.0,0.0
2020-12-14 00:00:00+05:30,380.0891053399145,385.1858989498947,378.6733277369162,381.31610107421875,2631263,0.0,0.0
2020-12-15 00:00:00+05:30,384.14765023883757,392.5007437259749,380.18346149115825,389.71636962890625,3714347,0.0,0.0
2020-12-16 00:00:00+05:30,392.6423373568747,394.1996870206733,383.43978257507297,384.949951171875,3238410,0.0,0.0
2020-12-17 00:00:00+05:30,387.78150242123905,394.05811088165376,382.354354786342,385.7994079589844,2958532,0.0,0.0
2020-12-18 00:00:00+05:30,385.79942245530464,386.79045532163485,375.98336951633866,382.4959411621094,2096819,0.0,0.0
2020-12-21 00:00:00+05:30,383.2037809301169,384.7139493743988,348.2812688749092,358.0973205566406,3899926,0.0,0.0
2020-12-22 00:00:00+05:30,360.55140343733956,366.12012354113324,344.55310320298054,364.6099548339844,2682621,0.0,0.0
2020-12-23 00:00:00+05:30,366.21452272214145,370.7450001414047,361.07051854887396,369.8483581542969,2191218,0.0,0.0
2020-12-24 00:00:00+05:30,372.3495279968813,374.0956595543855,368.1021949779055,370.1786804199219,1378601,0.0,0.0
2020-12-28 00:00:00+05:30,372.5854890082293,375.18108139524037,369.23482672117035,370.4618225097656,1652125,0.0,0.0
2020-12-29 00:00:00+05:30,372.7270414276762,380.3250651164668,368.3381366556298,375.1338806152344,1845094,0.0,0.0
2020-12-30 00:00:00+05:30,376.69125469526216,378.95649322771453,370.1314732410495,376.4552917480469,1596712,0.0,0.0
2020-12-31 00:00:00+05:30,375.8417605327675,380.6082001224066,374.1900200486653,376.8799743652344,1601573,0.0,0.0
2021-01-01 00:00:00+05:30,377.9654107303636,382.7318501164759,376.8799582724764,380.749755859375,1345602,0.0,0.0
2021-01-04 00:00:00+05:30,383.10937372638824,395.2378730235664,381.0329174072712,390.5657958984375,4721177,0.0,0.0
2021-01-05 00:00:00+05:30,390.56582212494254,393.53897802461717,385.2802756456721,391.8872375488281,2757851,0.0,0.0
2021-01-06 00:00:00+05:30,396.4177589444034,419.9196631781502,393.5862035233719,409.5845031738281,11715662,0.0,0.0
2021-01-07 00:00:00+05:30,413.54864226019924,417.18247729153904,405.1955484359687,407.083251953125,3263640,0.0,0.0
2021-01-08 00:00:00+05:30,412.4160822593843,421.85460087107344,409.4429258534439,417.7016296386719,5146410,0.0,0.0
2021-01-11 00:00:00+05:30,420.0140291993973,420.5331361408249,408.68780818727873,414.8700256347656,2661411,0.0,0.0
2021-01-12 00:00:00+05:30,417.13529959735706,424.54451291883566,411.0946252503683,420.5803527832031,4222486,0.0,0.0
2021-01-13 00:00:00+05:30,422.8456164675768,425.2524270932524,408.68783913049276,414.8228759765625,2745987,0.0,0.0
2021-01-14 00:00:00+05:30,416.2385869496403,425.629922598589,416.0970149597906,423.1286926269531,3761138,0.0,0.0
2021-01-15 00:00:00+05:30,423.08154440949403,423.08154440949403,405.99782207575913,408.4990234375,2566735,0.0,0.0
2021-01-18 00:00:00+05:30,408.49902455644525,410.15076511360013,397.5503673351314,401.278564453125,2097777,0.0,0.0
2021-01-19 00:00:00+05:30,402.8831365479804,415.86109847447347,402.8831365479804,412.4632263183594,1664611,0.0,0.0
2021-01-20 00:00:00+05:30,412.84082342571463,419.0702518491521,410.85872863588344,412.2273254394531,2707904,0.0,0.0
2021-01-21 00:00:00+05:30,412.46320082469083,418.78701885781805,400.38191035419914,404.2044982910156,1176261,0.0,0.0
2021-01-22 00:00:00+05:30,403.9685943396139,411.1418742055244,400.4763309510302,404.58209228515625,2695024,0.0,0.0
2021-01-25 00:00:00+05:30,404.7236652216943,405.85629897301556,380.3722988049425,397.59759521484375,2142180,0.0,0.0
2021-01-27 00:00:00+05:30,399.90996648291303,418.40943628186176,397.3615554371052,408.6405944824219,5402116,0.0,0.0
2021-01-28 00:00:00+05:30,404.58211792960617,417.088155813423,400.2876032345291,412.6520690917969,2040445,0.0,0.0
2021-01-29 00:00:00+05:30,415.29476530961654,431.76498968272784,406.80009965555615,409.15972900390625,4558422,0.0,0.0
2021-02-01 00:00:00+05:30,412.4632461616945,431.3402825993006,402.26965800701583,428.555908203125,2609450,0.0,0.0
2021-02-02 00:00:00+05:30,430.3963947996601,436.814575130308,424.87485634240323,430.01885986328125,1988474,0.0,0.0
2021-02-03 00:00:00+05:30,433.2278844646378,447.00812358750676,433.2278844646378,438.37188720703125,3880608,0.0,0.0
2021-02-04 00:00:00+05:30,438.32476898250684,454.7477844976052,434.5493617926419,452.1050109863281,3748605,0.0,0.0
2021-02-05 00:00:00+05:30,461.49633702485113,463.90314753008306,435.82355721671587,440.63720703125,4967630,0.0,0.0
2021-02-08 00:00:00+05:30,443.79912212967054,486.5555965938873,443.79912212967054,474.23834228515625,8821777,0.0,0.0
2021-02-09 00:00:00+05:30,474.75744938791064,480.32616917657697,470.65168834908974,474.049560546875,2645701,0.0,0.0
2021-02-10 00:00:00+05:30,477.5889822422773,482.54420389597686,465.9324074484751,472.1618347167969,1834353,0.0,0.0
2021-02-11 00:00:00+05:30,470.0381964687456,478.532862669988,464.65822968633034,472.82257080078125,919182,0.0,0.0
2021-02-12 00:00:00+05:30,471.83160310813156,540.8743702794296,467.77305108077957,518.6466674804688,14059902,0.0,0.0
2021-02-15 00:00:00+05:30,512.5114077883014,518.1273362092649,504.06392462817604,513.7384033203125,2657865,0.0,0.0
2021-02-16 00:00:00+05:30,514.446384489765,515.8149810480253,498.9200116904793,506.989990234375,3175417,0.0,0.0
2021-02-17 00:00:00+05:30,502.601066833244,535.0223520448648,502.601066833244,511.1429138183594,5953486,0.0,0.0
2021-02-18 00:00:00+05:30,511.70928969720705,531.9076841766712,511.70928969720705,524.8759765625,3794478,0.0,0.0
2021-02-19 00:00:00+05:30,525.6311134361131,554.5129567351454,525.2535496563547,537.0045166015625,9880580,0.0,0.0
2021-02-22 00:00:00+05:30,536.9572947007061,537.0044757675521,513.691325539756,518.3634033203125,2299939,0.0,0.0
2021-02-23 00:00:00+05:30,525.3952587689704,538.9395124393769,517.3725164647065,526.0087280273438,3149822,0.0,0.0
2021-02-24 00:00:00+05:30,536.1079123865413,561.5919152640706,533.9370644037896,548.7083129882812,3900108,0.0,0.0
2021-02-25 00:00:00+05:30,560.5063028653733,563.4794587310779,539.3640595817183,542.9035034179688,4200415,0.0,0.0
2021-02-26 00:00:00+05:30,534.2200633404575,553.0499163172827,519.3072179702486,526.5276489257812,4612425,0.0,0.0
2021-03-01 00:00:00+05:30,531.2942508101861,540.8271318359375,525.0176127115885,530.9166870117188,2068440,0.0,0.0
2021-03-02 00:00:00+05:30,539.8359957463374,549.3216938871951,536.6740579606271,540.1663208007812,2410011,0.0,0.0
2021-03-03 00:00:00+05:30,542.7147675640582,554.9848405698542,541.2989899095433,545.8766479492188,2596642,0.0,0.0
2021-03-04 00:00:00+05:30,544.6023855222683,607.7932630936621,542.7618633389983,580.9878540039062,15871139,0.0,0.0
2021-03-05 00:00:00+05:30,586.7926031811743,589.3881953109213,555.0319709866516,558.1939086914062,4647321,0.0,0.0
2021-03-08 00:00:00+05:30,570.841585053821,587.02866725923,559.6569637197326,563.7155151367188,5825950,0.0,0.0
2021-03-09 00:00:00+05:30,570.5111902805769,570.5111902805769,546.5845143366895,551.0678100585938,3375768,0.0,0.0
2021-03-10 00:00:00+05:30,560.4591289833926,560.4591289833926,535.7302028756563,541.4405517578125,2596632,0.0,0.0
2021-03-12 00:00:00+05:30,556.8726143519488,564.8009932605574,537.9955765773063,544.744140625,7816657,0.0,0.0
2021-03-15 00:00:00+05:30,530.9638756780386,540.355213619785,521.9501015401592,529.076171875,3483548,0.0,0.0
2021-03-16 00:00:00+05:30,533.276155395512,534.220006997982,522.8937877683427,525.866943359375,1898170,0.0,0.0
2021-03-17 00:00:00+05:30,521.1477554925617,526.1973392021886,506.70677794453854,508.8304443359375,2364082,0.0,0.0
2021-03-18 00:00:00+05:30,521.0061913157388,526.480520210109,498.259386078725,515.0599365234375,4099158,0.0,0.0
2021-03-19 00:00:00+05:30,509.82162764889574,531.5302213838391,498.5897669775571,529.076171875,2726319,0.0,0.0
2021-03-22 00:00:00+05:30,528.5570037338387,535.3055670926256,519.920736790288,529.264892578125,1962206,0.0,0.0
2021-03-23 00:00:00+05:30,526.6693282957427,543.6586614665731,526.6693282957427,536.9573364257812,3483961,0.0,0.0
2021-03-24 00:00:00+05:30,532.3322960360738,544.8383295865667,524.073594634805,527.3770751953125,1929662,0.0,0.0
2021-03-25 00:00:00+05:30,529.8784032804513,533.276246587131,514.7767750585148,519.0712890625,2464529,0.0,0.0
2021-03-26 00:00:00+05:30,519.543235252643,559.0905911398052,519.543235252643,556.3062744140625,8163393,0.0,0.0
2021-03-30 00:00:00+05:30,556.3061778844854,575.8910993520042,554.5128367309537,564.2344970703125,6813462,0.0,0.0
2021-03-31 00:00:00+05:30,556.9669482922649,580.7992072758642,555.834372169659,564.4234008789062,3786964,0.0,0.0
2021-04-01 00:00:00+05:30,571.0302981546092,571.9741498870962,560.034402427881,564.9896240234375,2350611,0.0,0.0
2021-04-05 00:00:00+05:30,563.007453705159,573.6729647767747,541.8651557868109,546.1124877929688,1681325,0.0,0.0
2021-04-06 00:00:00+05:30,551.2093807594318,560.5062967580965,539.1280907849617,544.1304931640625,1625567,0.0,0.0
2021-04-07 00:00:00+05:30,547.4813661534392,574.0980052941328,546.49033302968,551.8231201171875,4420444,0.0,0.0
2021-04-08 00:00:00+05:30,556.9197378773807,567.2549265126759,553.5690755402403,556.9669189453125,3631511,0.0,0.0
2021-04-09 00:00:00+05:30,556.9668690487462,563.5266499315654,547.4339898548727,554.3712768554688,1810213,0.0,0.0
2021-04-12 00:00:00+05:30,542.7146375100205,543.3281640565433,521.0060520096197,533.5120849609375,1875008,0.0,0.0
2021-04-13 00:00:00+05:30,538.9393815692982,543.422677650654,529.8784272691835,541.48779296875,1136424,0.0,0.0
2021-04-15 00:00:00+05:30,549.1802531185125,552.7669367394765,527.9435835066882,532.7572631835938,2184542,0.0,0.0
2021-04-16 00:00:00+05:30,532.8043069973797,547.4340089609925,528.5569741692342,536.1077880859375,1482339,0.0,0.0
2021-04-19 00:00:00+05:30,530.2559615182724,530.2559615182724,511.5677062791503,520.8646240234375,1062008,0.0,0.0
2021-04-20 00:00:00+05:30,523.3656812450772,540.826934812316,515.437305230756,518.2688598632812,1669540,0.0,0.0
2021-04-22 00:00:00+05:30,520.0624391435265,522.1389250138245,513.6914383010242,519.8736572265625,1077666,0.0,0.0
2021-04-23 00:00:00+05:30,519.1185332811831,531.1998258068248,514.1633109180444,518.5994262695312,874849,0.0,0.0
2021-04-26 00:00:00+05:30,523.743404476721,528.3682438873689,520.3455033175645,524.1209106445312,992700,0.0,0.0
2021-04-27 00:00:00+05:30,524.6872224639231,542.7147682440791,519.1184739725974,531.7188720703125,1675512,0.0,0.0
2021-04-28 00:00:00+05:30,534.2201032017507,539.8832138363982,528.6513547010911,531.6716918945312,945136,0.0,0.0
2021-04-29 00:00:00+05:30,536.1079563319896,539.4114384572748,523.9322420269618,526.0087280273438,1159710,0.0,0.0
2021-04-30 00:00:00+05:30,526.5276443347132,571.0302747399306,520.3454272620485,556.7781372070312,6493359,0.0,0.0
2021-05-03 00:00:00+05:30,556.8725703210289,563.3379322043803,538.4202788769353,540.3551635742188,1500804,0.0,0.0
2021-05-04 00:00:00+05:30,545.5462372100174,555.9286050461942,535.1638693738406,537.7122802734375,1334378,0.0,0.0
2021-05-05 00:00:00+05:30,541.770897492301,545.1687407050949,533.2762318521777,536.34375,979546,0.0,0.0
2021-05-06 00:00:00+05:30,538.9394235577963,559.515383023137,537.99557167766,545.54638671875,2641309,0.0,0.0
2021-05-07 00:00:00+05:30,549.1801486707549,552.0117040804688,538.1843097279179,541.7709350585938,1588585,0.0,0.0
2021-05-10 00:00:00+05:30,550.2654553449808,556.8724162153321,545.9237612448577,547.3395385742188,1196044,0.0,0.0
2021-05-11 00:00:00+05:30,545.1215619945951,596.4671197955037,543.2810395763237,578.1091918945312,10155865,0.0,0.0
2021-05-12 00:00:00+05:30,583.7723665524294,588.9635517036636,560.3648523012205,564.0930786132812,2993662,0.0,0.0
2021-05-14 00:00:00+05:30,564.234538159871,565.3671717283664,533.8897403857428,540.591064453125,2120375,0.0,0.0
2021-05-17 00:00:00+05:30,543.6586663360371,546.4902218898707,532.1908432997533,535.2583618164062,1792475,0.0,0.0
2021-05-18 00:00:00+05:30,540.9686644175073,577.6372825979967,540.1191747821954,574.14501953125,9015134,0.0,0.0
2021-05-19 00:00:00+05:30,577.6373191792153,579.4778417668563,561.5918380909038,566.0751342773438,2018225,0.0,0.0
2021-05-20 00:00:00+05:30,565.3671548516452,578.014790374051,555.9758191384092,558.3826293945312,2605955,0.0,0.0
2021-05-21 00:00:00+05:30,561.591582808354,574.7583213554843,549.935041065579,553.6632080078125,3020824,0.0,0.0
2021-05-24 00:00:00+05:30,537.0516709149895,608.5012632595785,523.8849268638987,598.6380004882812,24246327,0.0,0.0
2021-05-25 00:00:00+05:30,612.5596770554031,639.6482289953494,603.1211612302043,630.5872192382812,19646926,0.0,0.0
2021-05-26 00:00:00+05:30,636.911104110607,642.7158150037991,625.8208468363349,629.1715087890625,6101756,0.0,0.0
2021-05-27 00:00:00+05:30,624.1691040408567,637.0998835697512,609.728184868236,630.2097778320312,8515098,0.0,0.0
2021-05-28 00:00:00+05:30,636.1560944010382,638.5629048982865,624.6410912596881,630.1626586914062,3714443,0.0,0.0
2021-05-31 00:00:00+05:30,631.3422885978429,655.0329380996978,628.8410590906681,645.5000610351562,7592579,0.0,0.0
2021-06-01 00:00:00+05:30,644.9338610649019,657.8646409963571,638.9876068214259,654.2308349609375,3851257,0.0,0.0
2021-06-02 00:00:00+05:30,654.1837239698577,663.0087737339567,645.217130986703,652.673583984375,4446672,0.0,0.0
2021-06-03 00:00:00+05:30,655.0330854875936,672.0224162351104,654.0892337793982,668.0582275390625,2927652,0.0,0.0
2021-06-04 00:00:00+05:30,667.3031950842042,676.2697868144728,662.3007922721033,673.4854125976562,2180533,0.0,0.0
2021-06-07 00:00:00+05:30,686.935399494635,706.0012193462022,668.0111804709553,679.2902221679688,7207731,0.0,0.0
2021-06-08 00:00:00+05:30,680.7530180608,689.6252468160419,665.4154283991181,674.0044555664062,2623943,0.0,0.0
2021-06-09 00:00:00+05:30,674.8540372019129,682.2160697224871,658.1950298836717,667.1144409179688,1523374,0.0,0.0
2021-06-10 00:00:00+05:30,669.9459764987982,671.9280997856365,655.033130017154,657.4871215820312,2866714,0.0,0.0
2021-06-11 00:00:00+05:30,658.714219844875,659.7996148921418,643.1878456102692,647.529541015625,2154202,0.0,0.0
2021-06-14 00:00:00+05:30,646.4441047119006,649.37002217554,631.625620300511,642.857421875,3786048,0.0,0.0
2021-06-15 00:00:00+05:30,643.9901036179331,658.0535191799944,638.5629554982606,646.25537109375,2573970,0.0,0.0
2021-06-16 00:00:00+05:30,648.4260409155237,655.9768536190523,641.8662608577074,645.0281982421875,2306078,0.0,0.0
2021-06-17 00:00:00+05:30,637.0999051755181,658.4309308092511,633.8436052496603,639.6011352539062,2132830,0.0,0.0
2021-06-18 00:00:00+05:30,640.8754471345175,652.909558991609,631.4369280309163,649.700439453125,3641682,0.0,0.0
2021-06-21 00:00:00+05:30,641.8190788222612,650.030599146466,638.562779327199,645.26416015625,1128467,0.0,0.0
2021-06-22 00:00:00+05:30,650.880194260634,671.0786463211525,648.8037663360285,663.9053955078125,4076890,0.0,0.0
2021-06-23 00:00:00+05:30,669.1436598615738,676.2697285218591,657.3926949273898,658.9500732421875,3045052,0.0,0.0
2021-06-24 00:00:00+05:30,659.0917346385063,665.2267716570383,655.0331832094141,659.5164794921875,1060936,0.0,0.0
2021-06-25 00:00:00+05:30,662.9614372947295,667.9166585715237,654.7027351667392,659.6107177734375,1260757,0.0,0.0
2021-06-28 00:00:00+05:30,664.4715685116898,670.1346784705962,658.8084585527833,662.0647583007812,953955,0.0,0.0
2021-06-29 00:00:00+05:30,658.8086700339883,667.5393006898828,653.6174842385915,655.31640625,517367,0.0,0.0
2021-06-30 00:00:00+05:30,657.3926913904725,669.379619180095,650.1722030361819,659.1387939453125,1362819,0.0,0.0
2021-07-01 00:00:00+05:30,661.1681459918293,664.6604089626644,647.293513847675,648.4261474609375,912047,0.0,0.0
2021-07-02 00:00:00+05:30,651.4465758690857,653.0983166508997,639.4596455308631,641.4417114257812,846824,0.0,0.0
2021-07-05 00:00:00+05:30,646.5384156163482,657.5343109835887,638.5156761524958,655.2218627929688,1197123,0.0,0.0
2021-07-06 00:00:00+05:30,656.8265051617241,661.1682004943037,646.6328594102008,650.4555053710938,922761,0.0,0.0
2021-07-07 00:00:00+05:30,652.5790939587766,664.9907093541769,647.7654156830629,653.711669921875,2119973,0.0,0.0
2021-07-08 00:00:00+05:30,655.7410203341298,658.8085386012559,639.9315031112486,643.470947265625,1063174,0.0,0.0
2021-07-09 00:00:00+05:30,644.2731078224772,644.6506715225515,628.6995557285942,636.1088256835938,2317086,0.0,0.0
2021-07-12 00:00:00+05:30,644.0372247504657,662.5839348592256,641.8191961599335,646.2081298828125,3462516,0.0,0.0
2021-07-13 00:00:00+05:30,649.4170276759883,651.2575496640551,637.1941389541465,641.2527465820312,1568797,0.0,0.0
2021-07-14 00:00:00+05:30,642.2912158558925,646.4441872456115,633.2302606886938,638.3270263671875,2763407,0.0,0.0
2021-07-15 00:00:00+05:30,643.4708745715179,643.4708745715179,630.2569512213144,631.5311279296875,1617688,0.0,0.0
2021-07-16 00:00:00+05:30,632.4749518330391,634.2682929665244,621.290333102998,624.2634887695312,871634,0.0,0.0
2021-07-19 00:00:00+05:30,621.7152121974308,627.2367223619361,615.3913934122103,621.0545043945312,1409373,0.0,0.0
2021-07-20 00:00:00+05:30,624.3580213365816,632.3807623514886,620.535432727579,627.09521484375,1822387,0.0,0.0
2021-07-22 00:00:00+05:30,630.3513782309842,638.043793159222,625.962502088486,630.776123046875,1315679,0.0,0.0
2021-07-23 00:00:00+05:30,634.2211638874548,652.0127454607579,625.1129719025674,626.24560546875,826880,0.0,0.0
2021-07-26 00:00:00+05:30,626.6231906255342,631.1536674370817,619.6386647353007,621.2904052734375,876223,0.0,0.0
2021-07-27 00:00:00+05:30,624.4050602069739,625.5848747934159,593.352374856699,603.2628173828125,1109916,0.0,0.0
2021-07-28 00:00:00+05:30,608.4068234133356,613.1733209032072,597.835729753782,603.4988403320312,1506971,0.0,0.0
2021-07-29 00:00:00+05:30,609.8698134972825,609.8698134972825,592.7860627562524,594.720947265625,1170610,0.0,0.0
2021-07-30 00:00:00+05:30,621.8095110619481,628.3692921372427,605.3392867760773,607.7461547851562,6602645,0.0,0.0
2021-08-02 00:00:00+05:30,622.9421329672931,655.1746921330222,617.750948525899,652.4846801757812,5654405,0.0,0.0
2021-08-03 00:00:00+05:30,654.0892686593096,664.2828561297748,652.2487462085537,660.1771240234375,2841977,0.0,0.0
2021-08-04 00:00:00+05:30,659.8938829751429,675.7977597242846,651.776724480615,653.900390625,2213237,0.0,0.0
2021-08-05 00:00:00+05:30,655.9769742159107,671.7393101539498,654.0892706929872,659.7052001953125,1864082,0.0,0.0
2021-08-06 00:00:00+05:30,659.7051720626164,667.067203966441,649.2283833922829,651.5880126953125,1580014,0.0,0.0
2021-08-09 00:00:00+05:30,655.7881247521007,655.7881247521007,631.2479814833658,632.7581787109375,1864257,0.0,0.0
2021-08-10 00:00:00+05:30,632.7582714180955,641.0641557581893,615.1082311903074,624.9242553710938,1584560,0.0,0.0
2021-08-11 00:00:00+05:30,624.8298613781014,630.9177167152712,615.5329446410335,618.83642578125,1863492,0.0,0.0
2021-08-12 00:00:00+05:30,623.8388772671392,645.1699055376702,620.1106510247376,635.2122802734375,3531889,0.0,0.0
2021-08-13 00:00:00+05:30,632.3806909718729,638.8932912803618,626.0096914732757,628.6996459960938,629414,0.0,0.0
2021-08-16 00:00:00+05:30,634.0795752309176,643.6596932511573,629.5490984875671,637.9494018554688,1440901,0.0,0.0
2021-08-17 00:00:00+05:30,639.9315098739136,643.990061025527,624.6410994437936,628.2749633789062,1295072,0.0,0.0
2021-08-18 00:00:00+05:30,633.3245146166712,643.4709207748369,623.885997260238,635.636962890625,1962740,0.0,0.0
2021-08-20 00:00:00+05:30,635.6369999049452,635.6369999049452,611.6159603124054,613.4093017578125,1384705,0.0,0.0
2021-08-23 00:00:00+05:30,618.223030885078,625.6794843771816,612.5127380756323,616.5241088867188,1099874,0.0,0.0
2021-08-24 00:00:00+05:30,616.5239459056363,623.5084139654356,607.9348608158089,611.9934692382812,1395465,0.0,0.0
2021-08-25 00:00:00+05:30,612.5596518487473,617.0429466812304,602.1772848682601,607.4156494140625,1509816,0.0,0.0
2021-08-26 00:00:00+05:30,612.2766531084729,627.2838616470741,608.1708633548996,616.3823852539062,2850012,0.0,0.0
2021-08-27 00:00:00+05:30,619.5913797293099,622.8948602514013,612.9372376278658,616.6654052734375,996004,0.0,0.0
2021-08-30 00:00:00+05:30,618.2228033583608,644.4146854853753,618.2228033583608,641.7247314453125,2140598,0.0,0.0
2021-08-31 00:00:00+05:30,643.7069798694007,655.0332023890969,635.306675124034,641.39453125,2201566,0.0,0.0
2021-09-01 00:00:00+05:30,641.8663602703256,658.2422224222835,638.2797352022768,649.8419189453125,2396818,0.0,0.0
2021-09-02 00:00:00+05:30,651.2578028887208,698.2144343288859,647.4823953357427,694.391845703125,5136638,0.0,0.0
2021-09-03 00:00:00+05:30,702.2257782958061,703.1696301483543,682.9711774605662,686.416259765625,3161373,0.0,0.0
2021-09-06 00:00:00+05:30,691.5603198249657,699.7246044450408,677.7328660233546,687.784912109375,1197604,0.0,0.0
2021-09-07 00:00:00+05:30,693.7309423814312,704.3964541916555,677.7326458620291,683.0182495117188,1839589,0.0,0.0
2021-09-08 00:00:00+05:30,683.348644336848,700.3379752733995,677.6855340246642,694.5332641601562,2506155,0.0,0.0
2021-09-09 00:00:00+05:30,688.2565985987351,710.7202551687645,685.6610066973883,701.2345581054688,3821406,0.0,0.0
2021-09-13 00:00:00+05:30,701.2818085230975,712.0417408761275,695.1467725131378,698.9693603515625,1543777,0.0,0.0
2021-09-14 00:00:00+05:30,698.4502996674752,703.7358464595409,684.7644492010179,688.1622924804688,1237271,0.0,0.0
2021-09-15 00:00:00+05:30,691.3242058804226,695.4771188958238,677.6383558999427,679.6676025390625,1211983,0.0,0.0
2021-09-16 00:00:00+05:30,684.2453269182321,702.2256909512017,678.6293975724651,691.8905029296875,2774056,0.0,0.0
2021-09-17 00:00:00+05:30,696.5624972482942,702.0368251359364,654.2307750319451,683.0182495117188,2284382,0.0,0.0
2021-09-20 00:00:00+05:30,672.0223547294314,690.2858605682218,657.392654591361,668.2469482421875,1058006,0.0,0.0
2021-09-21 00:00:00+05:30,667.773999389714,670.422758395361,648.9487855756731,665.3143920898438,1409360,1.6,0.0
2021-09-22 00:00:00+05:30,669.760560163996,675.3419212608093,657.5099846980189,659.1654663085938,1019415,0.0,0.0
2021-09-23 00:00:00+05:30,664.7469105597688,687.2614517322471,663.1387166748867,673.497314453125,2233951,0.0,0.0
2021-09-24 00:00:00+05:30,676.3825322715984,682.2949669942523,660.111500367131,661.8142700195312,1070387,0.0,0.0
2021-09-27 00:00:00+05:30,662.6657456580932,669.807955922957,657.4628026158098,664.5104370117188,1141958,0.0,0.0
2021-09-28 00:00:00+05:30,667.868760620074,690.5725145221728,659.7805598401776,667.6322631835938,3115104,0.0,0.0
2021-09-29 00:00:00+05:30,667.5849114399228,674.3014148985811,659.3547898892755,665.6929321289062,1044662,0.0,0.0
2021-09-30 00:00:00+05:30,668.7201057767267,675.2946876444407,662.9022463416386,666.260498046875,2088535,0.0,0.0
2021-10-01 00:00:00+05:30,668.1523600780348,672.2201033058897,654.7666435411045,665.5036010742188,1255262,0.0,0.0
2021-10-04 00:00:00+05:30,668.814786908662,683.0046338727778,665.2200372254797,668.9093627929688,2187223,0.0,0.0
2021-10-05 00:00:00+05:30,672.4566903114727,677.7069788311447,663.1387157603607,670.8012084960938,1460282,0.0,0.0
2021-10-06 00:00:00+05:30,673.5446292478971,675.2001111315823,656.0438207632257,658.7398681640625,1340297,0.0,0.0
2021-10-07 00:00:00+05:30,663.1386916862645,667.2064353086556,653.8207174734254,657.4154663085938,1638029,0.0,0.0
2021-10-08 00:00:00+05:30,662.1926023839038,663.564298607993,643.32010166824,648.050048828125,1845098,0.0,0.0
2021-10-11 00:00:00+05:30,655.5708306089722,667.5376228345865,648.9489030270634,650.4624633789062,1879221,0.0,0.0
2021-10-12 00:00:00+05:30,650.4624196870966,663.5644101658406,645.2121890046828,660.3480224609375,1230182,0.0,0.0
2021-10-13 00:00:00+05:30,666.5915828416546,666.5915828416546,643.2729165222734,651.4557495117188,1717145,0.0,0.0
2021-10-14 00:00:00+05:30,657.4628549225777,660.3008240805169,638.5430605363165,640.76611328125,3084539,0.0,0.0
2021-10-18 00:00:00+05:30,647.6244682931244,657.415495466056,640.7660435742124,647.6718139648438,1245681,0.0,0.0
2021-10-19 00:00:00+05:30,648.2866149617383,654.4355469219184,626.055860951856,631.3060913085938,2130322,0.0,0.0
2021-10-20 00:00:00+05:30,635.8942432048862,648.9016006658887,629.3196037041453,637.8807983398438,2784461,0.0,0.0
2021-10-21 00:00:00+05:30,643.2730422864114,645.7325925879355,622.4612673889098,628.515625,1416668,0.0,0.0
2021-10-22 00:00:00+05:30,643.7930950155376,648.0027595266081,622.0826260500987,643.4147338867188,3869614,0.0,0.0
2021-10-25 00:00:00+05:30,648.4286466553305,650.509835527787,627.7114492818769,631.4481201171875,2117356,0.0,0.0
2021-10-26 00:00:00+05:30,631.4480083321786,644.3607884519469,630.9750135693829,639.9619140625,1691659,0.0,0.0
2021-10-27 00:00:00+05:30,641.3808685594803,650.8407633759919,640.1038058546976,642.1849365234375,1356035,0.0,0.0
2021-10-28 00:00:00+05:30,641.3809003620019,645.6378532405108,619.812350658614,624.1638793945312,1059481,0.0,0.0
2021-10-29 00:00:00+05:30,613.9472598838105,633.2454711173644,599.7574156646161,619.7177734375,1321021,0.0,0.0
2021-11-01 00:00:00+05:30,628.9411502399146,632.7251085663663,619.4339664924289,631.0223388671875,596587,0.0,0.0
2021-11-02 00:00:00+05:30,636.5897546125253,648.105257988111,633.6870340800315,636.30419921875,749534,4.0,0.0
2021-11-03 00:00:00+05:30,639.5400069524203,657.5746660872912,638.017315884929,648.67626953125,2000086,0.0,0.0
2021-11-04 00:00:00+05:30,654.767178545282,655.243026785504,650.9603926235071,653.38720703125,174389,0.0,0.0
2021-11-08 00:00:00+05:30,657.5746167887279,657.5746167887279,649.3899931754784,653.5299072265625,804641,0.0,0.0
2021-11-09 00:00:00+05:30,651.9120266273206,676.2278577549375,651.9120266273206,667.5674438476562,2999385,0.0,0.0
2021-11-10 00:00:00+05:30,666.2826661639407,676.4658298689827,660.5724874232004,670.4701538085938,1974732,0.0,0.0
2021-11-11 00:00:00+05:30,669.9942634170885,676.1802899969338,647.9148953916377,652.0548095703125,967435,0.0,0.0
2021-11-12 00:00:00+05:30,654.7671438664864,659.525626016679,652.0548322756529,654.0057983398438,688301,0.0,0.0
2021-11-15 00:00:00+05:30,657.4795708621599,657.4795708621599,643.4896773545545,647.8198852539062,961049,0.0,0.0
2021-11-16 00:00:00+05:30,646.9633633143718,653.434888839576,637.684321087857,640.3490600585938,645057,0.0,0.0
2021-11-17 00:00:00+05:30,640.0158884076416,640.0158884076416,630.9747717684259,633.1160888671875,483272,0.0,0.0
2021-11-18 00:00:00+05:30,632.8781190428012,634.9242895797456,614.7958870701499,621.7908325195312,1210622,0.0,0.0
2021-11-22 00:00:00+05:30,622.4095607975818,624.2653807384506,589.1953270554081,597.8082275390625,1916154,0.0,0.0
2021-11-23 00:00:00+05:30,596.7136867387176,614.2249250229243,596.3329849159094,606.8968505859375,1934790,0.0,0.0
2021-11-24 00:00:00+05:30,607.9436245335112,610.3228654389233,593.1447577192351,598.712158203125,860804,0.0,0.0
2021-11-25 00:00:00+05:30,600.5205135605661,600.5205135605661,588.6243068735502,592.0980224609375,1445024,0.0,0.0
2021-11-26 00:00:00+05:30,588.9098041291959,588.9098041291959,571.0179208919702,574.82470703125,1596347,0.0,0.0
2021-11-29 00:00:00+05:30,574.8246717313519,581.2486229468926,553.7445715448372,569.3524169921875,1815662,0.0,0.0
2021-11-30 00:00:00+05:30,575.0625992559618,597.0467647556696,570.3992632593239,590.0518188476562,4036435,0.0,0.0
2021-12-01 00:00:00+05:30,595.7620840139991,604.8983483295929,587.3395921632784,600.8536376953125,2052399,0.0,0.0
2021-12-02 00:00:00+05:30,601.4721490638443,614.1772732816033,584.8174613919816,608.3719482421875,1653609,0.0,0.0
2021-12-03 00:00:00+05:30,610.9890320546017,618.412251667785,604.136806993612,609.8469848632812,1601872,0.0,0.0
2021-12-06 00:00:00+05:30,603.7561622133895,619.4591513261688,596.8563639668654,598.9976806640625,759744,0.0,0.0
2021-12-07 00:00:00+05:30,602.2810993944215,613.844234962208,600.520484125819,604.9934692382812,885700,0.0,0.0
2021-12-08 00:00:00+05:30,608.134082671428,612.8925653214392,597.6654208414034,598.8550415039062,1945693,0.0,0.0
2021-12-09 00:00:00+05:30,603.6610568591017,610.7512071492789,596.2378360405504,608.5623168945312,920524,0.0,0.0
2021-12-10 00:00:00+05:30,608.3243840685635,624.645943377127,608.3243840685635,620.6488647460938,1115715,0.0,0.0
2021-12-13 00:00:00+05:30,622.0288829325642,622.4571580257428,611.1320031848425,614.3677368164062,1127079,0.0,0.0
2021-12-14 00:00:00+05:30,612.8926528951295,618.6028328910469,606.8494023008989,610.6561889648438,574501,0.0,0.0
2021-12-15 00:00:00+05:30,614.0822138226046,616.175957900916,605.1362428002504,608.6575317382812,545713,0.0,0.0
2021-12-16 00:00:00+05:30,611.9408715742467,618.3172499716476,608.6575069134185,614.462890625,501955,0.0,0.0
2021-12-17 00:00:00+05:30,614.79592890625,615.747625390625,591.4793650390625,594.810302734375,957081,0.0,0.0
2021-12-20 00:00:00+05:30,587.6248361983675,588.1482574962295,564.6413495031858,579.0595703125,2068382,0.0,0.0
2021-12-21 00:00:00+05:30,581.2962404771556,588.1484672469365,576.6805354495598,579.6783447265625,1051138,0.0,0.0
2021-12-22 00:00:00+05:30,580.7252747867875,591.6697856462566,577.6798340606755,584.722412109375,858345,0.0,0.0
2021-12-23 00:00:00+05:30,585.245726501434,596.0950308633169,585.245726501434,592.3358764648438,954050,0.0,0.0
2021-12-24 00:00:00+05:30,596.4281692100095,596.523315619017,571.4937109212848,573.1591796875,1114790,0.0,0.0
2021-12-27 00:00:00+05:30,571.0178285873922,580.2492951002757,566.402124374419,578.8693237304688,540989,0.0,0.0
2021-12-28 00:00:00+05:30,580.534882669936,586.2926350527977,577.7273662920937,582.2479248046875,455357,0.0,0.0
2021-12-29 00:00:00+05:30,582.2003933967859,587.6250756187721,579.1073794555688,584.0562133789062,395287,0.0,0.0
2021-12-30 00:00:00+05:30,580.7251917319312,583.9609248450059,572.9212691395522,575.3480834960938,620247,0.0,0.0
2021-12-31 00:00:00+05:30,576.7280581067015,587.0539415228448,576.585280402096,584.8650512695312,255735,0.0,0.0
2022-01-03 00:00:00+05:30,588.9096928052393,606.8015726602913,584.3891351193836,589.8613891601562,453839,0.0,0.0
2022-01-04 00:00:00+05:30,592.9067500458918,603.8988298619413,586.4352273128568,597.4273071289062,889836,0.0,0.0
2022-01-05 00:00:00+05:30,599.5686913634504,606.0877880268348,595.7619060214603,599.5211181640625,917088,0.0,0.0
2022-01-06 00:00:00+05:30,594.8104527600882,608.990757188672,593.8587560356721,603.6136474609375,1052909,0.0,0.0
2022-01-07 00:00:00+05:30,606.9919618661626,610.0374020115332,599.5687414465926,605.8499145507812,792623,0.0,0.0
2022-01-10 00:00:00+05:30,604.3749650126737,614.796055275997,604.3749650126737,614.1774291992188,618751,0.0,0.0
2022-01-11 00:00:00+05:30,605.2789073069675,619.7447041304337,605.2789073069675,615.5096435546875,1177009,0.0,0.0
2022-01-12 00:00:00+05:30,623.3610981643532,629.9753992966138,614.1772053154024,624.8837890625,2059079,0.0,0.0
2022-01-13 00:00:00+05:30,620.5060178652556,638.5882484472186,619.5543215188364,637.4937744140625,1294997,0.0,0.0
2022-01-14 00:00:00+05:30,639.3974009855154,661.4292026986784,633.8775717746299,659.0975341796875,2775937,0.0,0.0
2022-01-17 00:00:00+05:30,658.5739905953159,662.8090517187009,652.4831096440491,654.6720581054688,1018457,0.0,0.0
2022-01-18 00:00:00+05:30,654.767153352326,660.810402535845,644.8694871017585,648.0101318359375,1340956,0.0,0.0
2022-01-19 00:00:00+05:30,645.2500876380077,654.9574014587977,637.351020011448,638.778564453125,748775,0.0,0.0
2022-01-20 00:00:00+05:30,635.7332706886257,638.1600851794043,620.6012728970375,628.5479736328125,628188,0.0,0.0
2022-01-21 00:00:00+05:30,629.975565142464,633.6871469663993,589.1001852587368,593.4779663085938,4373737,0.0,0.0
2022-01-24 00:00:00+05:30,596.6186137368644,603.7563381407017,584.3417045274841,592.4786987304688,1587007,0.0,0.0
2022-01-25 00:00:00+05:30,585.2933343475557,599.2832842005689,576.918416953142,591.0510864257812,885983,0.0,0.0
2022-01-27 00:00:00+05:30,585.3409773145587,594.096597578683,571.5413767300317,586.3878784179688,1405220,0.0,0.0
2022-01-28 00:00:00+05:30,590.0517740506311,616.5564958276459,590.0517740506311,603.7562255859375,1564122,0.0,0.0
2022-01-31 00:00:00+05:30,612.8926181697292,619.5544944541828,607.3252162239307,615.033935546875,1193089,0.0,0.0
2022-02-01 00:00:00+05:30,623.3611607142857,630.8795857347761,616.0806598009382,624.55078125,1158958,0.0,0.0
2022-02-02 00:00:00+05:30,626.0304821795781,635.7674731510102,623.2143833708261,634.0491943359375,1028191,2.0,0.0
2022-02-03 00:00:00+05:30,634.0492464995035,634.0492464995035,625.744163568121,630.94677734375,818006,0.0,0.0
2022-02-04 00:00:00+05:30,630.0398066498902,632.7126911464115,612.3795999483403,614.00244140625,739708,0.0,0.0
2022-02-07 00:00:00+05:30,608.0839322366751,617.8686422922888,598.6333109259338,600.9721069335938,437862,0.0,0.0
2022-02-08 00:00:00+05:30,601.4016194741419,604.1699994410176,585.2210404401496,587.6552734375,1182518,0.0,0.0
2022-02-09 00:00:00+05:30,589.3735578806292,591.8077906611031,584.6005295798935,588.705322265625,582303,0.0,0.0
2022-02-10 00:00:00+05:30,589.9462878845119,600.7810386361359,587.1779082116144,593.0010375976562,1241177,0.0,0.0
2022-02-11 00:00:00+05:30,582.3095855938668,590.4714541980575,580.5913066663297,583.6460571289062,653640,0.0,0.0
2022-02-14 00:00:00+05:30,575.5795519383894,577.4887634494117,549.5665451007087,561.6422729492188,1541957,0.0,0.0
2022-02-15 00:00:00+05:30,566.8926674472928,572.9067309853102,557.8716886693022,571.0929565429688,1112068,0.0,0.0
2022-02-16 00:00:00+05:30,570.8542504467566,580.8298923959277,566.0812215968673,573.6703491210938,1029921,0.0,0.0
2022-02-17 00:00:00+05:30,573.6702724747433,578.9683221373615,566.128864593698,572.3338012695312,1067084,0.0,0.0
2022-02-18 00:00:00+05:30,571.8088864353267,576.4387013585879,559.2557965909152,566.6539916992188,1520502,0.0,0.0
2022-02-21 00:00:00+05:30,563.3127569511425,570.6155133004377,557.489685934681,561.8331298828125,760162,0.0,0.0
2022-02-22 00:00:00+05:30,549.3757839297143,552.6691864680373,538.4455329614387,548.5643920898438,2185096,0.0,0.0
2022-02-23 00:00:00+05:30,552.0007931076166,566.8926199920039,550.330232990127,558.6353149414062,891349,0.0,0.0
2022-02-24 00:00:00+05:30,544.1252694849567,549.5665338327083,530.7607891818174,533.0040893554688,1933204,0.0,0.0
2022-02-25 00:00:00+05:30,544.1251929632981,564.2196292259721,539.6385349824546,552.3347778320312,772903,0.0,0.0
2022-02-28 00:00:00+05:30,551.5711702604831,573.8612486558059,544.220694604928,571.999755859375,1242329,0.0,0.0
2022-03-02 00:00:00+05:30,568.0381693197396,580.4003260757357,562.6446815114614,574.0044555664062,575424,0.0,0.0
2022-03-03 00:00:00+05:30,577.0591998467077,583.6460031011355,565.9380190914164,568.6109619140625,808715,0.0,0.0
2022-03-04 00:00:00+05:30,563.2174961620838,567.0359198648775,551.7622250537024,553.6237182617188,740709,0.0,0.0
2022-03-07 00:00:00+05:30,542.1206117611295,553.4326662387306,536.5838519728345,547.5140991210938,1676862,0.0,0.0
2022-03-08 00:00:00+05:30,544.1253022952412,552.8599686115756,530.7608211862353,543.6002807617188,1106111,0.0,0.0
2022-03-09 00:00:00+05:30,545.0799081208377,569.613288668146,544.2207396008312,567.6085815429688,700987,0.0,0.0
2022-03-10 00:00:00+05:30,571.0928347364865,575.6272116107001,563.4559894746529,565.9857177734375,864553,0.0,0.0
2022-03-11 00:00:00+05:30,561.9286493404271,574.5293975366997,554.5781740495974,569.3268432617188,1135613,0.0,0.0
2022-03-14 00:00:00+05:30,569.8519794190453,577.393330749559,562.1674139038151,571.8566284179688,922125,0.0,0.0
2022-03-15 00:00:00+05:30,572.381650359978,576.581939449857,560.21042564477,563.1697387695312,624447,0.0,0.0
2022-03-16 00:00:00+05:30,568.1813919916464,590.6623472523479,566.0812475485128,588.0848999023438,1442863,0.0,0.0
2022-03-17 00:00:00+05:30,589.9463425565341,593.7647654857026,584.8869438282878,588.132568359375,865280,0.0,0.0
2022-03-21 00:00:00+05:30,591.760150515811,599.7788041658529,582.3095299211218,586.9871215820312,1047910,0.0,0.0
2022-03-22 00:00:00+05:30,582.3095972523068,589.0872758161568,580.0185197933749,587.2735595703125,1045609,0.0,0.0
2022-03-23 00:00:00+05:30,587.6553098883759,598.5378393644444,583.5982352196377,587.0348510742188,716804,0.0,0.0
2022-03-24 00:00:00+05:30,586.3665838755625,601.4970617572674,581.5935551097866,593.2874755859375,1419932,0.0,0.0
2022-03-25 00:00:00+05:30,594.7194607210272,672.997142549477,594.7194607210272,658.4871215820312,13659202,0.0,0.0
2022-03-28 00:00:00+05:30,649.2273359995854,655.0504659322113,624.4075869304189,629.9920654296875,3716271,0.0,0.0
2022-03-29 00:00:00+05:30,633.8582076991468,659.6325625302867,614.5274415757917,618.2504272460938,4415638,0.0,0.0
2022-03-30 00:00:00+05:30,626.2214971353436,631.6627626505522,616.7708750160591,621.8780517578125,1624076,0.0,0.0
2022-03-31 00:00:00+05:30,627.9397373379253,644.120318685865,618.8232628204697,641.6383666992188,2780538,0.0,0.0
2022-04-01 00:00:00+05:30,644.3588505182265,652.9503018584696,630.6602819648647,651.6138305664062,1841775,0.0,0.0
2022-04-04 00:00:00+05:30,650.9933887421436,656.7687417514454,642.449655812097,649.8955688476562,1318848,0.0,0.0
2022-04-05 00:00:00+05:30,653.7140702932355,667.2694849304193,647.2227622071878,652.5208129882812,1546530,0.0,0.0
2022-04-06 00:00:00+05:30,647.222756577185,683.1159126921781,646.2681507415255,679.058837890625,3589384,0.0,0.0
2022-04-07 00:00:00+05:30,685.4069438801702,685.4069438801702,649.1796432018464,654.0958862304688,2018076,0.0,0.0
2022-04-08 00:00:00+05:30,659.8233804030557,675.9084609216771,658.057325143158,671.3740844726562,2068259,0.0,0.0
2022-04-11 00:00:00+05:30,671.3265030958244,678.8201350325396,662.4963997845746,668.3672485351562,1063614,0.0,0.0
2022-04-12 00:00:00+05:30,667.0785014159874,669.7513859230633,647.2704316590048,654.0958862304688,705951,0.0,0.0
2022-04-13 00:00:00+05:30,657.1506463837815,657.3892978302798,642.4496939736752,643.9293212890625,541182,0.0,0.0
2022-04-18 00:00:00+05:30,640.5405130778489,645.886282429622,631.4240390379153,642.7838134765625,642798,0.0,0.0
2022-04-19 00:00:00+05:30,645.5044988955816,653.7140860456853,616.1026498459203,624.7418212890625,1000156,0.0,0.0
2022-04-20 00:00:00+05:30,628.6078780399082,633.4286253605848,616.5798690551992,619.5391235351562,777172,0.0,0.0
2022-04-21 00:00:00+05:30,623.3576168633226,636.340233051147,619.9687777660502,626.985107421875,969631,0.0,0.0
2022-04-22 00:00:00+05:30,627.3669519687907,645.9340466849072,615.7207493970595,628.9420166015625,1620983,0.0,0.0
2022-04-25 00:00:00+05:30,618.5845134299589,624.6462365134763,612.8568790463481,615.434326171875,1013669,0.0,0.0
2022-04-26 00:00:00+05:30,620.4937162047208,625.2667447909109,607.7974718183568,614.3842163085938,947594,0.0,0.0
2022-04-27 00:00:00+05:30,609.0385013755874,621.7824655201957,606.174683971,618.4413452148438,713915,0.0,0.0
2022-04-28 00:00:00+05:30,624.7894733424164,630.755759375098,618.8709059450938,628.03515625,609757,0.0,0.0
2022-04-29 00:00:00+05:30,631.8536418009695,632.7604707560125,612.8569618883431,617.0572509765625,639658,0.0,0.0
2022-05-02 00:00:00+05:30,610.9476823118697,630.9944031377279,606.7951705894608,615.243408203125,1242193,0.0,0.0
2022-05-04 00:00:00+05:30,616.0547220144318,622.7369614461226,608.5133724716546,611.8544921875,865898,0.0,0.0
2022-05-05 00:00:00+05:30,617.0094278821747,639.4904408053457,614.7661275857649,616.8662719726562,1811387,0.0,0.0
2022-05-06 00:00:00+05:30,608.0839221930934,616.5799375044236,598.3946495776164,608.8475952148438,1053543,0.0,0.0
2022-05-09 00:00:00+05:30,596.6761661663807,608.1314323592154,591.9508572089369,596.24658203125,1768559,0.0,0.0
2022-05-10 00:00:00+05:30,591.8555275829111,616.6752755138074,581.1639322059312,583.9323120117188,1947575,0.0,0.0
2022-05-11 00:00:00+05:30,591.0442221444605,596.3899914793656,572.9544300377214,578.1570434570312,823252,0.0,0.0
2022-05-12 00:00:00+05:30,576.5818702580784,578.4910817489992,558.2534282923367,567.2267456054688,1178604,0.0,0.0
2022-05-13 00:00:00+05:30,571.713425963444,595.8649405874462,570.8542574541126,578.3001708984375,1514147,0.0,0.0
2022-05-16 00:00:00+05:30,578.3001579456414,593.7170642805258,575.770487639515,590.7577514648438,776915,0.0,0.0
2022-05-17 00:00:00+05:30,595.2920783515167,603.2153521019222,584.075461618878,599.7310180664062,988636,0.0,0.0
2022-05-18 00:00:00+05:30,604.2655079893423,607.1770442027381,589.9941387622829,593.0488891601562,1525676,0.0,0.0
2022-05-19 00:00:00+05:30,583.8368963534392,588.7531396334853,574.6727037849341,579.1593627929688,1051042,0.0,0.0
2022-05-20 00:00:00+05:30,582.3095844776981,590.137364315384,528.851655410893,547.3710327148438,6813913,0.0,0.0
2022-05-23 00:00:00+05:30,553.6713476387029,585.9370110723316,553.6713476387029,572.9066772460938,4725539,0.0,0.0
2022-05-24 00:00:00+05:30,572.8589149830051,582.0231655850605,556.8215492600505,560.2103881835938,2236468,0.0,0.0
2022-05-25 00:00:00+05:30,563.2174657033217,616.198091714397,554.1009912588244,595.3876953125,9239957,0.0,0.0
2022-05-26 00:00:00+05:30,595.6262383950734,617.629888135564,595.0534400161501,614.3364868164062,4992191,0.0,0.0
2022-05-27 00:00:00+05:30,610.8522735922442,630.0398268308321,606.1746818751187,628.130615234375,2830260,0.0,0.0
2022-05-30 00:00:00+05:30,630.0398769162736,646.9364125410228,628.2738793549673,632.4263916015625,2304877,0.0,0.0
2022-05-31 00:00:00+05:30,630.0399991629894,642.9271809640505,612.2365728505263,620.9235229492188,4062937,0.0,0.0
2022-06-01 00:00:00+05:30,626.9849459136902,634.7650048531202,619.9686180652363,624.2643432617188,1445913,0.0,0.0
2022-06-02 00:00:00+05:30,627.5577720238249,634.7650329642022,616.8184585570197,622.5938110351562,891024,0.0,0.0
2022-06-03 00:00:00+05:30,630.039852368242,637.1993961451539,611.9500601056749,613.4296875,961984,0.0,0.0
2022-06-06 00:00:00+05:30,616.1503404841106,623.309884160978,603.7881834158164,607.5111694335938,749010,0.0,0.0
2022-06-07 00:00:00+05:30,606.1746893976322,606.1746893976322,595.674025486807,597.774169921875,838701,0.0,0.0
2022-06-08 00:00:00+05:30,594.7194116413262,600.685697873683,590.6146183663675,593.9080200195312,855354,0.0,0.0
2022-06-09 00:00:00+05:30,591.8555124773228,632.1398832052934,587.0824841508927,626.746337890625,3650335,0.0,0.0
2022-06-10 00:00:00+05:30,626.1259213479373,634.6695960162152,616.245717087911,620.5414428710938,2079322,0.0,0.0
2022-06-13 00:00:00+05:30,612.80916691187,617.5821956154994,605.2677582543315,611.3772583007812,790402,0.0,0.0
2022-06-14 00:00:00+05:30,610.9476266293312,621.686940378675,605.8405096187792,614.2410278320312,1232896,0.0,0.0
2022-06-15 00:00:00+05:30,615.7207829987063,618.8709707006799,601.688065128623,605.076904296875,689437,0.0,0.0
2022-06-16 00:00:00+05:30,608.5611427277173,610.7090055844034,585.9846942838581,590.3759155273438,1028787,0.0,0.0
2022-06-17 00:00:00+05:30,582.309528103258,595.1012689116594,572.5725374558419,581.8799438476562,1840071,0.0,0.0
2022-06-20 00:00:00+05:30,574.6727311853822,593.0011754608096,574.6727311853822,586.1757202148438,876085,0.0,0.0
2022-06-21 00:00:00+05:30,586.1756641562995,600.4470321374287,584.6960368587838,596.1513061523438,758887,0.0,0.0
2022-06-22 00:00:00+05:30,596.1512430419374,598.537757225452,581.3548551041471,585.9369506835938,648794,0.0,0.0
2022-06-23 00:00:00+05:30,589.4690332290614,598.3468547891641,585.4596775444801,592.1896362304688,470651,0.0,0.0
2022-06-24 00:00:00+05:30,587.2735449596946,600.0175100635843,587.2735449596946,593.8602905273438,1045636,0.0,0.0
2022-06-27 00:00:00+05:30,598.5376585756156,606.5563682163987,592.8577441021024,596.24658203125,1048554,0.0,0.0
2022-06-28 00:00:00+05:30,596.294527042013,599.540151753045,588.2280965040211,592.09423828125,715973,0.0,0.0
2022-06-29 00:00:00+05:30,589.8509019720245,592.5715049879534,577.631902055792,589.8986206054688,932326,0.0,0.0
2022-06-30 00:00:00+05:30,589.8509360037574,594.098885122048,563.2174113801453,567.3222045898438,2340512,0.0,0.0
2022-07-01 00:00:00+05:30,569.326890561267,577.5364766759807,558.4920803789697,575.9136352539062,1065738,0.0,0.0
2022-07-04 00:00:00+05:30,572.7634438714309,590.3282127892923,572.7634438714309,589.4213256835938,1014667,0.0,0.0
2022-07-05 00:00:00+05:30,589.4214221369706,601.4017144788436,589.4214221369706,595.96044921875,874045,0.0,0.0
2022-07-06 00:00:00+05:30,621.4485446289486,631.7582784168916,599.6358194788904,620.9235229492188,8539454,0.0,0.0
2022-07-07 00:00:00+05:30,624.2644419183773,633.619566616269,616.6753145523311,623.4052734375,1339561,0.0,0.0
2022-07-08 00:00:00+05:30,625.2667824841179,635.5287945630558,621.6870108286746,626.7941284179688,1073320,0.0,0.0
2022-07-11 00:00:00+05:30,626.8419309471265,638.0107723571447,623.4053150586851,630.4694213867188,813020,0.0,0.0
2022-07-12 00:00:00+05:30,629.0852843583415,651.0412199277524,622.7849087616228,643.2134399414062,2714915,0.0,0.0
2022-07-13 00:00:00+05:30,648.8455954666348,653.475410444625,636.7698083896886,642.7838134765625,2381834,0.0,0.0
2022-07-14 00:00:00+05:30,641.8768860888141,649.6568874651507,636.5310592925356,643.6428833007812,672625,0.0,0.0
2022-07-15 00:00:00+05:30,639.9199471821215,655.2414162242987,637.915298394207,653.0457763671875,1645634,0.0,0.0
2022-07-18 00:00:00+05:30,652.9504656500326,652.9504656500326,636.1494243426246,640.5405883789062,2560666,0.0,0.0
2022-07-19 00:00:00+05:30,640.2540917983611,650.2774522300404,639.299486042963,643.0701904296875,1653580,0.0,0.0
2022-07-20 00:00:00+05:30,645.3136498462272,649.1320738098144,641.4952258826402,642.974853515625,652175,0.0,0.0
2022-07-21 00:00:00+05:30,644.024759951983,654.3822085095327,642.0200530197259,650.3251342773438,1073493,0.0,0.0
2022-07-22 00:00:00+05:30,651.5185999934735,655.8143270263975,639.5860249020179,644.5499877929688,772520,0.0,0.0
2022-07-25 00:00:00+05:30,646.2681543914044,646.2681543914044,632.5695838781319,641.017822265625,1033364,0.0,0.0
2022-07-26 00:00:00+05:30,639.3949779141519,639.3949779141519,633.0946026963059,636.1493530273438,588700,0.0,0.0
2022-07-27 00:00:00+05:30,638.917623120406,652.4253179218664,632.9513371240918,650.229736328125,643997,0.0,0.0
2022-07-28 00:00:00+05:30,650.2297542066408,663.2600882221623,649.131934247329,654.9072875976562,1218683,0.0,0.0
2022-07-29 00:00:00+05:30,659.2507225262495,682.2090379436239,656.8164894617009,680.395263671875,2506702,0.0,0.0
2022-08-01 00:00:00+05:30,680.3953431032553,687.3162357549545,674.190404863801,677.9133911132812,1249603,0.0,0.0
2022-08-02 00:00:00+05:30,678.7724613399012,700.6806767129152,669.7037059873497,693.3302001953125,1807323,0.0,0.0
2022-08-03 00:00:00+05:30,687.3160362580581,694.8574438505794,659.6801923139482,667.6511840820312,1252143,0.0,0.0
2022-08-04 00:00:00+05:30,668.7014373017727,670.1333461610913,643.0702920257785,648.6069946289062,1458462,0.0,0.0
2022-08-05 00:00:00+05:30,660.5872939740977,669.3696800555593,652.9504466449174,654.7642211914062,2385753,0.0,0.0
2022-08-08 00:00:00+05:30,653.9049465994988,668.176314386215,636.3401772828462,664.7874755859375,2072529,0.0,0.0
2022-08-10 00:00:00+05:30,662.4963826648313,668.1285798290253,650.5638109309547,659.1075439453125,827596,0.0,0.0
2022-08-11 00:00:00+05:30,667.8899536132812,673.9039583413364,662.353193508091,667.8899536132812,1773747,0.0,0.0
2022-08-12 00:00:00+05:30,671.85152461278,676.6245534296718,667.0784957958883,668.3672485351562,842801,0.0,0.0
2022-08-16 00:00:00+05:30,672.9971295903081,691.4687296285754,665.408001369684,686.2661743164062,1601279,0.0,0.0
2022-08-17 00:00:00+05:30,689.2336754956523,695.3123102351014,673.4865888631516,675.7362060546875,1654998,2.0,0.0
2022-08-18 00:00:00+05:30,677.3635037413915,681.8626796119754,669.2267174490598,673.8216552734375,592626,0.0,0.0
2022-08-19 00:00:00+05:30,675.831949843025,676.4541980968514,651.4215890484115,654.2455444335938,962685,0.0,0.0
2022-08-22 00:00:00+05:30,654.149821497966,656.4951424976823,640.4608849407169,641.513916015625,782284,0.0,0.0
2022-08-23 00:00:00+05:30,633.8077117728685,650.033431222493,629.4521499876503,647.5924072265625,939372,0.0,0.0
2022-08-24 00:00:00+05:30,649.0283288197595,662.4300937216425,645.1514013728407,659.3189697265625,794168,0.0,0.0
2022-08-25 00:00:00+05:30,664.7275787499085,681.4797852866798,660.994206493747,670.8540649414062,1402440,0.0,0.0
2022-08-26 00:00:00+05:30,672.9600247789108,689.0421303286145,671.0933387715667,682.1976928710938,1329374,0.0,0.0
2022-08-29 00:00:00+05:30,660.5633452338782,675.6881810802765,657.5479834720593,658.98388671875,1150065,0.0,0.0
2022-08-30 00:00:00+05:30,664.3446813190184,669.1310262852937,656.9258466212915,666.7857055664062,1036906,0.0,0.0
2022-09-01 00:00:00+05:30,664.2488928261603,673.9172850505232,660.5633726173071,663.1480102539062,1068813,0.0,0.0
2022-09-02 00:00:00+05:30,660.5156468495866,666.450726666112,643.380507422807,645.5343627929688,1818609,0.0,0.0
2022-09-05 00:00:00+05:30,642.3275038824798,648.9326834035124,634.6693518242685,640.5565795898438,2179411,0.0,0.0
2022-09-06 00:00:00+05:30,642.327441885064,646.1565175445875,638.6898316939283,640.7479248046875,692273,0.0,0.0
2022-09-07 00:00:00+05:30,639.4556394830388,733.9380937088335,632.3239743333328,695.5037231445312,21576035,0.0,0.0
2022-09-08 00:00:00+05:30,703.5447817289481,715.0798601571836,685.9788625577421,700.9601440429688,10396205,0.0,0.0
2022-09-09 00:00:00+05:30,700.7208379144838,739.0115940846741,695.0250762487566,720.5363159179688,6416237,0.0,0.0
2022-09-12 00:00:00+05:30,720.8234407725549,738.0542799942097,720.8234407725549,732.1670532226562,3719126,0.0,0.0
2022-09-13 00:00:00+05:30,732.1671519524976,748.5843382399661,730.2526140030349,737.4800415039062,2865075,0.0,0.0
2022-09-14 00:00:00+05:30,720.8234636062836,747.626992133476,720.8234636062836,735.4218139648438,3396185,0.0,0.0
2022-09-15 00:00:00+05:30,737.0971261957332,740.2082504296761,724.0303810423474,730.9227294921875,1514123,0.0,0.0
2022-09-16 00:00:00+05:30,725.7055023887485,730.8747776248938,699.0934396563835,707.134521484375,1726871,0.0,0.0
2022-09-19 00:00:00+05:30,710.6765470944919,727.3808448288343,704.9329329480182,715.7022094726562,1680817,0.0,0.0
2022-09-20 00:00:00+05:30,720.7479146603731,730.4552571122861,713.8758450265137,715.798095703125,1094151,3.0,0.0
2022-09-21 00:00:00+05:30,715.9424803385953,721.8053230125987,705.4181433238308,713.2512817382812,880855,0.0,0.0
2022-09-22 00:00:00+05:30,709.3106800561403,727.5720661280463,703.5439265597489,722.6703491210938,1201721,0.0,0.0
2022-09-23 00:00:00+05:30,725.0730422795642,725.6977386067945,694.4611623720726,698.3056640625,1039225,0.0,0.0
2022-09-26 00:00:00+05:30,693.9326620748142,696.7199496949421,666.5405833087032,671.2501220703125,1956203,0.0,0.0
2022-09-27 00:00:00+05:30,674.6141496856193,677.4494235596868,647.7987192943567,658.94775390625,2966715,0.0,0.0
2022-09-28 00:00:00+05:30,656.4007402341313,667.4536846338221,655.1031854766969,659.9088134765625,1054161,0.0,0.0
2022-09-29 00:00:00+05:30,663.2247481729371,671.1059902963048,658.3710753354368,668.751220703125,1057787,0.0,0.0
2022-09-30 00:00:00+05:30,671.8267842651518,689.8478889932943,663.8014090911992,683.9850463867188,1607400,0.0,0.0
2022-10-03 00:00:00+05:30,679.5156827461127,683.5524213067956,663.1765503462769,666.1079711914062,668430,0.0,0.0
2022-10-04 00:00:00+05:30,672.7397824288764,688.1658344433368,672.7397824288764,682.5432739257812,966281,0.0,0.0
2022-10-06 00:00:00+05:30,685.1864576020291,691.914336742104,678.1221493074802,682.399169921875,1029933,0.0,0.0
2022-10-07 00:00:00+05:30,684.9940857054886,684.9940857054886,665.8676667416175,671.538330078125,827197,0.0,0.0
2022-10-10 00:00:00+05:30,658.37095715632,665.9157687478053,657.4098316714202,663.1285400390625,700631,0.0,0.0
2022-10-11 00:00:00+05:30,668.462749962176,684.1290830526689,661.6387827373879,664.1857299804688,2074615,0.0,0.0
2022-10-12 00:00:00+05:30,667.5496537298332,684.3213041669753,665.4351660575032,680.1884765625,1828097,0.0,0.0
2022-10-13 00:00:00+05:30,684.3214774740665,692.7793716429402,665.4834377950996,668.0784301757812,1326752,0.0,0.0
2022-10-14 00:00:00+05:30,686.8202705140087,686.8202705140087,666.1560719126257,668.943359375,602819,0.0,0.0
2022-10-17 00:00:00+05:30,670.769605127323,686.8684595374738,660.0049862668509,685.0422973632812,1114583,0.0,0.0
2022-10-18 00:00:00+05:30,691.9622524155741,700.0837738831436,680.0442738363954,693.3558959960938,1463879,0.0,0.0
2022-10-19 00:00:00+05:30,693.9325768271374,747.7556021766106,693.3559250205127,741.2680053710938,6323614,0.0,0.0
2022-10-20 00:00:00+05:30,739.5861362259454,739.5861362259454,704.457007894682,715.1735229492188,4514522,0.0,0.0
2022-10-21 00:00:00+05:30,718.7777066080668,725.0731257810925,708.87812534764,719.1141357421875,1411663,0.0,0.0
2022-10-24 00:00:00+05:30,724.688652887382,725.3614524939048,711.3770877018433,717.8646850585938,171678,0.0,0.0
2022-10-25 00:00:00+05:30,725.4575181340269,735.1649209144986,717.9607509410274,729.8306274414062,2563790,0.0,0.0
2022-10-27 00:00:00+05:30,733.4829774746538,765.0559279194146,731.4165341038624,759.3372192382812,4384523,0.0,0.0
2022-10-28 00:00:00+05:30,762.6049895046895,768.4197866644084,752.0806542400245,755.0601196289062,1580334,0.0,0.0
2022-10-31 00:00:00+05:30,758.8566875910448,779.4247984039109,757.3669546791784,766.9782104492188,2854067,0.0,0.0
2022-11-01 00:00:00+05:30,767.939345242051,775.6283499503569,758.6164153007401,764.4312133789062,1445134,0.0,0.0
2022-11-02 00:00:00+05:30,761.0192407207059,776.589487221751,758.1839084593738,763.7584838867188,1051451,0.0,0.0
2022-11-03 00:00:00+05:30,759.289084754797,778.4635486909032,755.9731903104051,765.1038818359375,1049764,0.0,0.0
2022-11-04 00:00:00+05:30,766.9780881447191,771.6876261860225,756.8862711954464,765.1038818359375,770719,0.0,0.0
2022-11-07 00:00:00+05:30,765.4404039719288,771.3032463044038,752.1768245821568,753.7146606445312,1123901,0.0,0.0
2022-11-09 00:00:00+05:30,756.021303023834,796.5327667526101,756.021303023834,778.17529296875,3969288,0.0,0.0
2022-11-10 00:00:00+05:30,781.2027745342134,787.1617642131263,766.9781292333025,772.0720825195312,1476492,0.0,0.0
2022-11-11 00:00:00+05:30,778.4636117971968,782.3081138038131,735.2610087653577,737.9521484375,3161024,0.0,0.0
2022-11-14 00:00:00+05:30,733.3388160307861,741.0278206549622,719.0180214532784,733.290771484375,2984531,0.0,0.0
2022-11-15 00:00:00+05:30,734.2038509113299,739.1536124298552,729.7345935183156,733.9154663085938,1113605,0.0,0.0
2022-11-16 00:00:00+05:30,731.897098875112,736.0299269655548,717.4802157718595,732.1854248046875,2070803,0.0,0.0
2022-11-17 00:00:00+05:30,727.043486223814,733.2908027473036,720.844214248784,722.5261840820312,1244622,0.0,0.0
2022-11-18 00:00:00+05:30,723.8715951818225,727.5719043877763,698.7381433156055,710.3677368164062,2067846,0.0,0.0
2022-11-21 00:00:00+05:30,711.2328877037172,714.4526347438839,700.7565960279677,704.7933349609375,1220397,0.0,0.0
2022-11-22 00:00:00+05:30,707.6885864369217,712.176203045766,700.2092646911335,709.3292236328125,742102,3.0,0.0
2022-11-23 00:00:00+05:30,712.8999779625298,731.7189157458598,710.8250458763306,721.4408569335938,1766907,0.0,0.0
2022-11-24 00:00:00+05:30,725.2530390048264,733.2631406289829,718.7870320660123,725.1565551757812,1043484,0.0,0.0
2022-11-25 00:00:00+05:30,724.866880112682,740.1150926968144,723.8053225343361,736.3030395507812,1415497,0.0,0.0
2022-11-28 00:00:00+05:30,733.4560642616422,746.4363182322213,729.6922530020861,738.2814331054688,1091485,0.0,0.0
2022-11-29 00:00:00+05:30,743.1067757256767,743.8305810267083,728.7754543266234,733.1182861328125,935830,0.0,0.0
2022-11-30 00:00:00+05:30,732.4908713720176,747.9320491611511,727.6655033129134,744.9885864257812,1345532,0.0,0.0
2022-12-01 00:00:00+05:30,747.3048068102829,750.5378390939599,737.3645593376225,742.9619750976562,1377416,0.0,0.0
2022-12-02 00:00:00+05:30,746.4363037181854,756.6178199999999,741.3696665306854,753.9638671875,1217194,0.0,0.0
2022-12-05 00:00:00+05:30,756.617843941428,759.0305283927718,744.747448221502,748.9454956054688,696749,0.0,0.0
2022-12-06 00:00:00+05:30,748.9454303115104,750.1035305278767,733.5042511690904,737.8953247070312,690001,0.0,0.0
2022-12-07 00:00:00+05:30,739.2463674051645,753.7224712055267,736.4959312444626,742.9136352539062,1329379,0.0,0.0
2022-12-08 00:00:00+05:30,744.9886754155107,761.2983860614448,743.3480382987556,758.59619140625,1656753,0.0,0.0
2022-12-09 00:00:00+05:30,761.4913637674828,764.2901009580128,741.5626279225773,747.0152587890625,1097105,0.0,0.0
2022-12-12 00:00:00+05:30,746.967016119446,749.862237112157,738.3295950438404,745.2781372070312,893776,0.0,0.0
2022-12-13 00:00:00+05:30,745.8090028672813,752.6127612124601,740.4528551871799,750.4413452148438,723322,0.0,0.0
2022-12-14 00:00:00+05:30,749.3797387992163,752.5162283692065,743.20324346925,746.1950073242188,1185921,0.0,0.0
2022-12-15 00:00:00+05:30,745.5194691428234,752.1302007447256,735.3861948049597,738.8121948242188,663406,0.0,0.0
2022-12-16 00:00:00+05:30,735.3862186682283,736.0617820933599,709.3292266681729,715.4091796875,2097103,0.0,0.0
2022-12-19 00:00:00+05:30,715.4091257451499,719.0763940435129,704.8415568945771,715.8916625976562,881231,0.0,0.0
2022-12-20 00:00:00+05:30,714.1545458815361,723.8052829880434,708.7501566632619,721.1030883789062,699589,0.0,0.0
2022-12-21 00:00:00+05:30,724.7703566986941,739.6325154040851,715.4573718295446,721.1030883789062,1553921,0.0,0.0
2022-12-22 00:00:00+05:30,718.0147913887963,728.823627986086,711.5487861910356,723.56396484375,884868,0.0,0.0
2022-12-23 00:00:00+05:30,717.9666675322021,722.8402784567317,685.2024001392249,687.4220581054688,1015159,0.0,0.0
2022-12-26 00:00:00+05:30,686.1675478385373,707.2543891439306,678.4469565829701,702.6702880859375,456662,0.0,0.0
2022-12-27 00:00:00+05:30,704.4555870009397,713.4307609857841,693.9362596928731,704.1660766601562,919748,0.0,0.0
2022-12-28 00:00:00+05:30,704.1661239634906,706.8683188313702,692.8747486870124,699.968017578125,593700,0.0,0.0
2022-12-29 00:00:00+05:30,699.8715631372603,705.3724958262928,694.3706304482279,702.7667846679688,448214,0.0,0.0
2022-12-30 00:00:00+05:30,703.4422051584753,720.3309939881493,702.8148837262905,712.9963989257812,595684,0.0,0.0
2023-01-02 00:00:00+05:30,718.4008310641118,720.8617570307841,711.6935575798491,714.395751953125,393433,0.0,0.0
2023-01-03 00:00:00+05:30,717.0498187977781,726.4592881561608,714.1545974567373,718.014892578125,938743,0.0,0.0
2023-01-04 00:00:00+05:30,718.0148568749381,721.1031045991715,701.7533880460629,704.7933349609375,665508,0.0,0.0
2023-01-05 00:00:00+05:30,708.3641972120456,717.7736671341402,704.5039018593914,715.0714721679688,730194,0.0,0.0
2023-01-06 00:00:00+05:30,718.6422549244339,720.9101548757222,703.8283362124383,710.7286376953125,961838,0.0,0.0
2023-01-09 00:00:00+05:30,714.2510296912312,726.1697253598226,710.9698144170736,721.1030883789062,1198453,0.0,0.0
2023-01-10 00:00:00+05:30,718.9800370825989,719.9451109578775,687.4703514933768,696.8798217773438,1781454,0.0,0.0
2023-01-11 00:00:00+05:30,694.8531060441941,701.2225692882281,689.207448118956,696.0594482421875,1437759,0.0,0.0
2023-01-12 00:00:00+05:30,701.608707327583,709.3292983298123,691.6202162798229,696.8798217773438,1948172,0.0,0.0
2023-01-13 00:00:00+05:30,697.7482465178375,699.1958569877916,679.4118472317532,688.145751953125,1502850,0.0,0.0
2023-01-16 00:00:00+05:30,688.1458381344033,695.7217025513266,679.4601742269133,683.9960327148438,1776052,0.0,0.0
2023-01-17 00:00:00+05:30,680.3769027245577,681.3419763454436,667.0106566366557,671.1604614257812,1997860,0.0,0.0
2023-01-18 00:00:00+05:30,670.7261469528124,684.9127405467425,668.3617048699211,680.5216674804688,1939323,0.0,0.0
2023-01-19 00:00:00+05:30,680.5216843129436,688.5800254502582,678.4467524758675,686.6981201171875,980055,0.0,0.0
2023-01-20 00:00:00+05:30,686.6982334316032,691.4753604027896,678.0608113569816,681.0043334960938,903700,0.0,0.0
2023-01-23 00:00:00+05:30,681.2937763199653,682.0658234834432,669.0373288007032,676.420166015625,1352095,0.0,0.0
2023-01-24 00:00:00+05:30,666.4798963873434,666.4798963873434,653.3549171811168,656.587890625,3358161,0.0,0.0
2023-01-25 00:00:00+05:30,654.8025830669153,656.201951878474,622.4726102846873,626.9119262695312,3914593,0.0,0.0
2023-01-27 00:00:00+05:30,629.2281151149217,629.2281151149217,605.2942967501322,617.7437133789062,3113086,0.0,0.0
2023-01-30 00:00:00+05:30,616.6820796704023,617.6471533475078,598.8282166439509,603.3640747070312,3125830,0.0,0.0
2023-01-31 00:00:00+05:30,607.996524070014,608.961597917744,599.6003698140747,606.5006713867188,4169337,0.0,0.0
2023-02-01 00:00:00+05:30,615.7169775680941,616.2959981862572,578.8993949248722,589.9977416992188,3147909,0.0,0.0
2023-02-02 00:00:00+05:30,587.7299180677519,592.7000714781359,574.3153692828312,586.861328125,2971650,0.0,0.0
2023-02-03 00:00:00+05:30,592.5552964998611,593.0378333862617,570.5998681686366,591.6867065429688,1174302,0.0,0.0
2023-02-06 00:00:00+05:30,587.9032922632048,599.835971006247,586.2540467625425,597.7987060546875,1197165,3.2,0.0
2023-02-07 00:00:00+05:30,601.4850213750057,609.7311869906307,596.5373456906192,606.044677734375,1794623,0.0,0.0
2023-02-08 00:00:00+05:30,605.2686756670431,605.2686756670431,584.3136747880363,597.944091796875,1945286,0.0,0.0
2023-02-09 00:00:00+05:30,600.5149924858898,601.0970511845667,591.7837567308446,599.0112915039062,548142,0.0,0.0
2023-02-10 00:00:00+05:30,598.5747078008927,599.5448450906835,587.0300503673903,591.2501831054688,1796947,0.0,0.0
2023-02-13 00:00:00+05:30,590.9105305009587,606.3357352917709,590.9105305009587,597.4104614257812,1295628,0.0,0.0
2023-02-14 00:00:00+05:30,597.6046119905644,602.1642694115609,590.8136504906716,596.9739990234375,552163,0.0,0.0
2023-02-15 00:00:00+05:30,599.0597392951458,605.2686412497545,596.9739205664553,602.69775390625,904807,0.0,0.0
2023-02-16 00:00:00+05:30,606.3357240179863,606.3357240179863,592.7538037999834,594.985107421875,1066829,0.0,0.0
2023-02-17 00:00:00+05:30,592.6568693720347,595.37324182799,582.7129625652051,589.1158447265625,1520087,0.0,0.0
2023-02-20 00:00:00+05:30,590.8137069356794,593.4815849226633,586.4965834415167,591.104736328125,1186755,0.0,0.0
2023-02-21 00:00:00+05:30,596.6344900017475,596.6344900017475,576.4556442962183,578.0563354492188,1870148,0.0,0.0
2023-02-22 00:00:00+05:30,578.4442321051772,578.4442321051772,566.9966264401805,569.3734741210938,4515924,0.0,0.0
2023-02-23 00:00:00+05:30,570.4408096603581,572.2840944650048,562.7282052382686,570.1497802734375,1375261,0.0,0.0
2023-02-24 00:00:00+05:30,573.1570516271847,582.0823257985917,571.5078065282602,576.3099975585938,2479933,0.0,0.0
2023-02-27 00:00:00+05:30,576.3100450140397,576.746618636833,565.1049711622459,572.62353515625,1261689,0.0,0.0
2023-02-28 00:00:00+05:30,575.5339051843396,581.5487677847665,570.1496554612671,572.8660278320312,1500634,0.0,0.0
2023-03-01 00:00:00+05:30,573.3511368154134,583.7316176324018,573.3511368154134,581.3062744140625,1549355,0.0,0.0
2023-03-02 00:00:00+05:30,582.0824070138157,584.7017896878747,575.2914455986545,576.5526123046875,1448939,0.0,0.0
2023-03-03 00:00:00+05:30,578.9294670957855,592.0263213995863,578.2018640789078,587.0300903320312,2457928,0.0,0.0
2023-03-06 00:00:00+05:30,590.2800609472939,593.7725315950764,583.2950604392463,584.2651977539062,1461696,0.0,0.0
2023-03-08 00:00:00+05:30,586.3994557606253,590.4254897049899,578.1047943538858,588.1456909179688,1653598,0.0,0.0
2023-03-09 00:00:00+05:30,589.1158462139732,591.1046157378647,575.2913903744522,577.0861206054688,1152608,0.0,0.0
2023-03-10 00:00:00+05:30,574.806359152113,574.806359152113,566.8027263031596,567.6273193359375,1033672,0.0,0.0
2023-03-13 00:00:00+05:30,567.5302461249881,569.4705204707145,559.1870901233539,562.7765502929688,885826,0.0,0.0
2023-03-14 00:00:00+05:30,557.8289634810412,570.4407487423517,557.6349241729858,568.1609497070312,1065171,0.0,0.0
2023-03-15 00:00:00+05:30,575.0973591243883,575.0973591243883,563.8922855507784,572.2839965820312,1083513,0.0,0.0
2023-03-16 00:00:00+05:30,572.3324727685566,576.0189824135075,565.2504828062208,574.6607666015625,696941,0.0,0.0
2023-03-17 00:00:00+05:30,577.1832725909371,578.5899836990627,569.810192636705,576.8436889648438,1238581,0.0,0.0
2023-03-20 00:00:00+05:30,580.5301747852152,580.5301747852152,564.2803752682888,575.3399047851562,1188606,0.0,0.0
2023-03-21 00:00:00+05:30,577.0376837010962,580.2876793497555,571.1683645784976,577.8137817382812,937449,0.0,0.0
2023-03-22 00:00:00+05:30,579.1719945237489,582.0824065565316,573.5452097695327,575.9220581054688,641602,0.0,0.0
2023-03-23 00:00:00+05:30,573.4481281673742,576.1160057136337,568.9370252984603,572.62353515625,599565,0.0,0.0
2023-03-24 00:00:00+05:30,570.3437426991209,572.8175809731172,562.9221686646503,565.8325805664062,835509,0.0,0.0
2023-03-27 00:00:00+05:30,563.2616353898325,568.7429342621682,554.6759448433171,561.7579345703125,688050,0.0,0.0
2023-03-28 00:00:00+05:30,562.6796714623557,564.5714511658039,543.2769241705504,546.4298706054688,997911,0.0,0.0
2023-03-29 00:00:00+05:30,543.2769117947196,555.4036285758517,538.4262250822668,552.687255859375,1309935,0.0,0.0
2023-03-31 00:00:00+05:30,562.6311508221507,566.5601951273698,553.3177970185947,562.9221801757812,582696,0.0,0.0
2023-04-03 00:00:00+05:30,568.451885475285,568.451885475285,558.3139402264201,563.504150390625,538447,0.0,0.0
2023-04-05 00:00:00+05:30,565.4930548122832,565.4930548122832,552.9782599803665,555.888671875,1070172,0.0,0.0
2023-04-06 00:00:00+05:30,555.8886857414223,557.9259504334918,551.862592168424,553.60888671875,848250,0.0,0.0
2023-04-10 00:00:00+05:30,556.8587675919429,564.5713703793092,554.6274638151674,560.1087036132812,1113760,0.0,0.0
2023-04-11 00:00:00+05:30,563.6497545084136,580.1420881170935,562.6796172373148,574.1757202148438,4732134,0.0,0.0
2023-04-12 00:00:00+05:30,577.1345885955884,584.5076069232422,572.477883112365,583.00390625,1141713,0.0,0.0
2023-04-13 00:00:00+05:30,583.3435712748354,588.0972679305175,576.3585705774495,586.5935668945312,1072943,0.0,0.0
2023-04-17 00:00:00+05:30,584.9927369120921,590.8135601649487,580.1420508680449,586.9815063476562,525069,0.0,0.0
2023-04-18 00:00:00+05:30,587.22412544744,593.3845331404538,583.7316546763892,590.47412109375,844348,0.0,0.0
2023-04-19 00:00:00+05:30,592.7538738586456,592.7538738586456,580.1420893084618,581.5003051757812,566828,0.0,0.0
2023-04-20 00:00:00+05:30,598.5262074819352,605.1716241731974,590.0375062713913,593.3359375,3481181,0.0,0.0
2023-04-21 00:00:00+05:30,594.8881617396981,597.0224754898483,585.5748087969913,590.0374755859375,767883,0.0,0.0
2023-04-24 00:00:00+05:30,590.0373953762586,591.5410960370158,582.8098621471705,585.0896606445312,402750,0.0,0.0
2023-04-25 00:00:00+05:30,585.0897576246258,587.9031793626732,582.1308508251147,586.3024291992188,558965,0.0,0.0
2023-04-26 00:00:00+05:30,583.9741921411155,593.7240607072922,581.1122751040327,592.3658447265625,938468,0.0,0.0
2023-04-27 00:00:00+05:30,593.2389170846237,594.0150150273574,584.5076820007944,588.6792602539062,705190,0.0,0.0
2023-04-28 00:00:00+05:30,590.3285322736479,596.1493559279484,589.0673656577121,593.4329833984375,1013705,0.0,0.0
2023-05-02 00:00:00+05:30,596.537423073077,604.6865405051925,593.1419426732423,602.3096923828125,1046906,0.0,0.0
2023-05-03 00:00:00+05:30,602.0670666977463,607.2088407500113,599.2537046066175,604.9774780273438,1502363,0.0,0.0
2023-05-04 00:00:00+05:30,604.3469955342488,615.0185049982656,604.3469955342488,614.0968627929688,1325697,0.0,0.0
2023-05-05 00:00:00+05:30,617.0072607075988,617.0557557252222,601.5820555049185,605.0745849609375,797805,0.0,0.0
2023-05-08 00:00:00+05:30,605.0746830148003,617.8319537658336,604.5896143350085,616.86181640625,949897,0.0,0.0
2023-05-09 00:00:00+05:30,619.7236240184507,621.8579376751192,611.0408843410222,615.9401245117188,721060,0.0,0.0
2023-05-10 00:00:00+05:30,617.0073150581878,623.7982760729792,611.1864913312238,620.54833984375,442717,0.0,0.0
2023-05-11 00:00:00+05:30,622.7310408384294,626.4660450643942,617.8803552397892,622.8765258789062,708501,0.0,0.0
2023-05-12 00:00:00+05:30,622.8766957648212,627.0482746749311,616.2797733938933,619.190185546875,534620,0.0,0.0
2023-05-15 00:00:00+05:30,618.9474526773473,628.1152598612216,617.0556735421878,627.5331420898438,748724,0.0,0.0
2023-05-16 00:00:00+05:30,626.708620807617,630.2010909847129,621.0333419667174,623.9922485351562,903952,0.0,0.0
2023-05-17 00:00:00+05:30,623.7981985606472,628.1638158134044,616.5221698060518,620.2086791992188,1030002,0.0,0.0
2023-05-18 00:00:00+05:30,624.1377082055794,624.1377082055794,609.4401659944413,612.5446166992188,1677962,0.0,0.0
2023-05-19 00:00:00+05:30,606.3358460699828,611.5260572273479,591.7837857643033,607.6455078125,2513385,0.0,0.0
2023-05-22 00:00:00+05:30,611.1864717176026,626.8056578653941,603.6679079782193,625.6415405273438,908178,0.0,0.0
2023-05-23 00:00:00+05:30,628.9399186723227,643.7345105901862,622.2460076927082,641.4547119140625,1255607,0.0,0.0
2023-05-24 00:00:00+05:30,641.2122773766907,647.7122093025207,636.6526201026021,641.9398803710938,1290952,0.0,0.0
2023-05-25 00:00:00+05:30,641.2121912481408,649.9919210254674,640.0965097882562,648.4882202148438,769540,0.0,0.0
2023-05-26 00:00:00+05:30,648.0516990227843,654.7456698982811,644.3166942029294,652.6598510742188,421631,0.0,0.0
2023-05-29 00:00:00+05:30,652.6598396968772,658.2381289250555,647.0815504686988,653.5814819335938,845659,0.0,0.0
2023-05-30 00:00:00+05:30,655.7157876604215,655.7157876604215,643.2979835529251,650.4285278320312,753031,0.0,0.0
2023-05-31 00:00:00+05:30,647.1786317950014,657.4136286707834,647.1786317950014,650.9136962890625,882663,0.0,0.0
2023-06-01 00:00:00+05:30,651.4471610207258,654.6970971114894,638.3503081930568,639.7570190429688,377426,0.0,0.0
2023-06-02 00:00:00+05:30,639.8055412383279,648.0517081837802,639.8055412383279,647.1300659179688,894538,0.0,0.0
2023-06-05 00:00:00+05:30,652.417280775171,659.6933099287975,644.2681044381187,651.4471435546875,1604415,0.0,0.0
2023-06-06 00:00:00+05:30,652.1263045735943,654.6486378673294,644.7532255698239,650.2830200195312,273405,0.0,0.0
2023-06-07 00:00:00+05:30,652.6113314777946,655.9097625576514,645.7233215643846,652.5142822265625,331455,0.0,0.0
2023-06-08 00:00:00+05:30,653.872583151853,667.4545062440279,649.409974963704,654.0181274414062,948257,0.0,0.0
2023-06-09 00:00:00+05:30,653.8724918557107,662.8947562361501,646.062899010612,653.3389282226562,682120,0.0,0.0
2023-06-12 00:00:00+05:30,645.1413685123008,651.1077371842892,632.2385529845523,643.5891723632812,1405896,0.0,0.0
2023-06-13 00:00:00+05:30,642.2309259859773,646.2570196752639,626.75722340409,631.60791015625,3992107,0.0,0.0
2023-06-14 00:00:00+05:30,635.4399212874097,645.6748577954206,631.8504014926029,642.5219116210938,1913846,0.0,0.0
2023-06-15 00:00:00+05:30,640.0480483744212,649.4098964880798,635.4398964535748,639.7570190429688,1467295,0.0,0.0
2023-06-16 00:00:00+05:30,645.1412713194945,649.9919575700171,638.3988055887726,648.3427124023438,1114808,0.0,0.0
2023-06-19 00:00:00+05:30,651.7383706958783,651.7383706958783,639.3206223471132,641.21240234375,1260021,0.0,0.0
2023-06-20 00:00:00+05:30,632.4810405834526,634.4213152325544,610.4104164499197,617.3468627929688,2796342,0.0,0.0
2023-06-21 00:00:00+05:30,618.9475392035106,634.6637738282893,618.4139755811752,633.6451416015625,1522352,0.0,0.0
2023-06-22 00:00:00+05:30,634.4697832518091,634.4697832518091,620.887861286174,623.2647094726562,1073821,0.0,0.0
2023-06-23 00:00:00+05:30,623.2646815429312,630.3951665703662,614.1453678039528,623.2161865234375,653943,0.0,0.0
2023-06-26 00:00:00+05:30,623.5073118934164,631.4624503275079,613.5634036539237,630.395263671875,685285,0.0,0.0
2023-06-27 00:00:00+05:30,630.3950969905982,634.03311123825,622.2944756174822,629.37646484375,1023867,0.0,0.0
2023-06-28 00:00:00+05:30,629.5705293948167,638.6412882648996,626.9511471888252,637.4771118164062,618303,0.0,0.0
2023-06-30 00:00:00+05:30,638.3502945836324,643.7830393631831,632.7720055352193,642.0368041992188,580747,0.0,0.0
2023-07-03 00:00:00+05:30,647.0816510230693,657.1225495091217,635.7795265368464,637.4287719726562,1034099,0.0,0.0
2023-07-04 00:00:00+05:30,646.1114474201927,646.596516074412,636.2160350316212,644.8502807617188,1051281,0.0,0.0
2023-07-05 00:00:00+05:30,645.1413942604553,654.7457785517348,638.7385108745957,652.9509887695312,1193025,0.0,0.0
2023-07-06 00:00:00+05:30,653.8725777004076,670.8984764493678,650.9621656334918,669.394775390625,1338976,0.0,0.0
2023-07-07 00:00:00+05:30,671.7715384175648,671.9170234749381,646.111396778101,650.62255859375,781925,0.0,0.0
2023-07-10 00:00:00+05:30,654.7941535082098,654.7941535082098,639.3204524152982,651.5927124023438,584713,0.0,0.0
2023-07-11 00:00:00+05:30,651.6411412375666,662.1186107073644,647.5180583137478,657.025390625,1007871,0.0,0.0
2023-07-12 00:00:00+05:30,657.753097769713,663.5739216437813,651.9322738956448,662.7493286132812,828232,0.0,0.0
2023-07-13 00:00:00+05:30,662.846286617721,666.4358063423765,654.9396442193234,658.0925903320312,707954,0.0,0.0
2023-07-14 00:00:00+05:30,658.2380677729495,669.39464519283,657.0253963142669,668.23046875,554148,0.0,0.0
2023-07-17 00:00:00+05:30,663.9620223968998,673.4208615077137,643.2980495848262,664.2530517578125,1636750,0.0,0.0
2023-07-18 00:00:00+05:30,663.5738918832158,670.9954656747963,653.2419062851299,660.7119750976562,665435,0.0,0.0
2023-07-19 00:00:00+05:30,659.6934627514707,669.3948372036983,650.2346226605489,665.4172973632812,832127,0.0,0.0
2023-07-20 00:00:00+05:30,669.3947229914543,683.9467821869207,662.2156834366987,665.22314453125,1698375,0.0,0.0
2023-07-21 00:00:00+05:30,663.9134782153344,664.9806648381574,651.5442268830786,654.7457275390625,1377045,0.0,0.0
2023-07-24 00:00:00+05:30,657.752968821622,666.9207764684883,646.1113233557525,660.226806640625,905295,0.0,0.0
2023-07-25 00:00:00+05:30,664.5439733811088,666.4842477559441,653.9694543532662,659.2567138671875,1182873,0.0,0.0
2023-07-26 00:00:00+05:30,659.6933759933663,666.4843372168275,656.8799540872251,658.6747436523438,504923,0.0,0.0
2023-07-27 00:00:00+05:30,661.6336404123718,663.088846366358,650.4770614318113,654.8911743164062,561343,0.0,0.0
2023-07-28 00:00:00+05:30,654.8426363683343,670.3163371739039,651.398661012152,669.1521606445312,1040732,0.0,0.0
2023-07-31 00:00:00+05:30,668.4245516481557,677.9318846621942,664.1074291310096,673.954345703125,1015449,0.0,0.0
2023-08-01 00:00:00+05:30,677.8834711636933,683.8498395322746,670.0253823385964,672.8387451171875,1289474,0.0,0.0
2023-08-02 00:00:00+05:30,672.8871062702991,676.0886062481961,653.8724417385586,659.1112060546875,1130856,0.0,0.0
2023-08-03 00:00:00+05:30,653.3874656408709,670.36486823733,653.3874656408709,668.3760986328125,626316,0.0,0.0
2023-08-04 00:00:00+05:30,673.2752486579992,676.185660395714,666.7268222481412,674.3909301757812,468756,0.0,0.0
2023-08-07 00:00:00+05:30,670.8983814091994,679.0960527455517,665.0775580999517,678.1259155273438,565425,0.0,0.0
2023-08-08 00:00:00+05:30,681.0363891992727,691.707899571341,674.9245360104936,689.4281005859375,1433476,0.0,0.0
2023-08-09 00:00:00+05:30,693.1146673489984,693.1146673489984,676.9133611584591,688.1669311523438,1200579,0.0,0.0
2023-08-10 00:00:00+05:30,685.8870924508917,688.4094258244164,670.9955081173262,675.7491455078125,742235,0.0,0.0
2023-08-11 00:00:00+05:30,664.5440459191074,666.8238448733994,649.0218492261063,657.70458984375,1982467,0.0,0.0
2023-08-14 00:00:00+05:30,645.1412632813759,649.9434544520562,626.6116657202404,645.1897583007812,2043555,0.0,0.0
2023-08-16 00:00:00+05:30,645.2382929245842,645.7719158082294,634.6153368862476,638.350341796875,1110423,0.0,0.0
2023-08-17 00:00:00+05:30,638.3503581458644,646.0629617015217,632.5295342114038,641.3092651367188,1117217,0.0,0.0
2023-08-18 00:00:00+05:30,641.2119534591902,645.5421772505682,634.4490263459336,637.125,1328417,2.0,0.0
2023-08-21 00:00:00+05:30,637.0763743706578,643.2067750226968,635.4221241903495,640.1902465820312,1406612,0.0,0.0
2023-08-22 00:00:00+05:30,641.7957192674617,646.2232270262264,637.5141974514048,644.6663208007812,608286,0.0,0.0
2023-08-23 00:00:00+05:30,645.1529311701373,654.7864602340715,639.2171587277031,642.9148559570312,836022,0.0,0.0
2023-08-24 00:00:00+05:30,646.1259234882855,649.7263358439873,642.379584586371,647.1962890625,304652,0.0,0.0
2023-08-25 00:00:00+05:30,646.1259319179643,646.6124725293482,636.3951196902841,645.4447631835938,685050,0.0,0.0
2023-08-28 00:00:00+05:30,646.1259822285765,648.9479417512015,636.2005411050651,646.2232666015625,1203345,0.0,0.0
2023-08-29 00:00:00+05:30,647.9261028699224,653.3753933060168,640.8226218830318,651.915771484375,433534,0.0,0.0
2023-08-30 00:00:00+05:30,656.8299326651011,667.6798138282165,650.5049036838816,665.8795776367188,706966,0.0,0.0
2023-08-31 00:00:00+05:30,672.3990907541182,672.3990907541182,652.3536423408889,654.2998046875,1312643,0.0,0.0
2023-09-01 00:00:00+05:30,654.2999328171517,672.4478646178595,654.2999328171517,668.5068969726562,971508,0.0,0.0
2023-09-04 00:00:00+05:30,669.4313225371262,677.2159732897529,661.0141451539799,663.5928344726562,1051153,0.0,0.0
2023-09-05 00:00:00+05:30,661.6953409608379,670.7936281421797,656.8785762327617,667.777099609375,769275,0.0,0.0
2023-09-06 00:00:00+05:30,667.7770200932803,686.0222938663206,662.6683434368289,679.697265625,1019097,0.0,0.0
2023-09-07 00:00:00+05:30,673.3721872439661,684.076080393798,669.4798624622091,672.3504638671875,581325,0.0,0.0
2023-09-08 00:00:00+05:30,673.3722248979691,699.9859733245701,670.0150827075446,689.8173217773438,2697140,0.0,0.0
2023-09-11 00:00:00+05:30,696.7262694622366,727.5729611478682,696.7262694622366,713.8524780273438,4258948,0.0,0.0
2023-09-12 00:00:00+05:30,719.1069948470448,719.1069948470448,678.7241257182865,680.6702880859375,1524072,0.0,0.0
2023-09-13 00:00:00+05:30,678.7240997816144,685.0491272347764,667.776936881911,680.281005859375,1709391,0.0,0.0
2023-09-14 00:00:00+05:30,696.4828708503312,705.4838719755363,688.990133710917,703.3917236328125,2836228,0.0,0.0
2023-09-15 00:00:00+05:30,703.5377276151526,705.4838900705195,695.4125231208615,698.039794921875,976388,0.0,0.0
2023-09-18 00:00:00+05:30,699.6003266744301,719.7394000940853,688.9700650167316,717.4475708007812,3050555,1.6,0.0
2023-09-20 00:00:00+05:30,714.7654543434203,727.3462264520158,706.4269643287978,723.8353271484375,2037458,0.0,0.0
2023-09-21 00:00:00+05:30,722.6163175462395,727.5413509796541,710.8644885942491,722.0311279296875,1413616,0.0,0.0
2023-09-22 00:00:00+05:30,719.7393071388711,723.8353964015588,708.0362289740115,716.8135375976562,1312782,0.0,0.0
2023-09-25 00:00:00+05:30,710.1330264964893,717.6424537384355,701.5019709727333,712.0347290039062,1517999,0.0,0.0
2023-09-26 00:00:00+05:30,708.0361910824678,717.6424434187246,705.012919861647,713.4488525390625,923602,0.0,0.0
2023-09-27 00:00:00+05:30,711.9372507977172,715.5944627025,703.69632140062,705.5980834960938,1156256,0.0,0.0
2023-09-28 00:00:00+05:30,704.1351503280747,708.572555229173,690.3352478794019,692.6271362304688,1088548,0.0,0.0
2023-09-29 00:00:00+05:30,692.3345948479648,700.2341484790512,689.5063272627983,698.4786987304688,1702263,0.0,0.0
2023-10-03 00:00:00+05:30,700.3805103094548,701.8433951242557,690.0427552365676,695.552978515625,781987,0.0,0.0
2023-10-04 00:00:00+05:30,695.5529410187635,700.3804725523439,681.2654096211338,695.2603759765625,543728,0.0,0.0
2023-10-05 00:00:00+05:30,695.2603826130509,707.7436539072219,690.2377878284167,691.8469848632812,805424,0.0,0.0
2023-10-06 00:00:00+05:30,695.5529373389329,699.3564019172888,691.0179708715458,697.6009521484375,445913,0.0,0.0
2023-10-09 00:00:00+05:30,686.8730286046289,695.3577706706722,682.0454978149039,692.2369384765625,694946,0.0,0.0
2023-10-10 00:00:00+05:30,697.5034084231586,699.8439881327593,686.4342122628977,687.3607177734375,656117,0.0,0.0
2023-10-11 00:00:00+05:30,688.5311440082737,691.1643486736328,678.8273291530279,681.16796875,474477,0.0,0.0
2023-10-12 00:00:00+05:30,683.6548013264493,686.629321723953,678.1445783331746,683.7035522460938,1786426,0.0,0.0
2023-10-13 00:00:00+05:30,684.7275792539799,697.6985385969732,678.7297873676823,695.5042114257812,1154348,0.0,0.0
2023-10-16 00:00:00+05:30,697.8935788775481,700.5267835260463,687.9947603900532,698.8688354492188,1370256,0.0,0.0
2023-10-17 00:00:00+05:30,702.1847223724048,705.4030571116244,699.3077036188084,704.6228637695312,802524,0.0,0.0
2023-10-18 00:00:00+05:30,704.6229245203774,706.7685010398222,694.7240457846128,701.5508422851562,1200250,0.0,0.0
2023-10-19 00:00:00+05:30,696.1380688903483,697.2596376609749,688.8723961533009,695.7967529296875,1651315,0.0,0.0
2023-10-20 00:00:00+05:30,692.4320640659199,697.1620339330185,686.3367113892832,690.4328002929688,1364869,0.0,0.0
2023-10-23 00:00:00+05:30,690.7254183460335,695.1628235303154,677.7545187593121,683.3622436523438,1288944,0.0,0.0
2023-10-25 00:00:00+05:30,681.7043631277473,694.382698922684,673.7559980309461,676.8768310546875,674117,0.0,0.0
2023-10-26 00:00:00+05:30,672.0004809191332,687.507083113699,658.2981389685522,674.1460571289062,810939,0.0,0.0
2023-10-27 00:00:00+05:30,674.7799939973285,686.0929455510977,669.3185218998725,672.1467895507812,891975,0.0,0.0
2023-10-30 00:00:00+05:30,673.024474353523,681.2166526115082,667.0754336238676,671.7566528320312,986581,0.0,0.0
2023-10-31 00:00:00+05:30,676.4866684098554,677.4131144284461,666.4902896782922,671.1715087890625,568594,0.0,0.0
2023-11-01 00:00:00+05:30,671.1715360725592,672.8294840296888,655.567432052389,658.7857666015625,284653,0.0,0.0
2023-11-02 00:00:00+05:30,662.2479020609305,669.0259465144231,661.7602738200309,665.612548828125,936398,0.0,0.0
2023-11-03 00:00:00+05:30,684.5325292571727,701.9895840786228,683.7522764735902,696.0892944335938,4841128,0.0,0.0
2023-11-06 00:00:00+05:30,702.1846689988091,723.6403116626616,700.234156029368,716.5697021484375,2593068,0.0,0.0
2023-11-07 00:00:00+05:30,719.6905064022927,727.5413088894788,709.0601873283862,724.6155395507812,702505,0.0,0.0
2023-11-08 00:00:00+05:30,724.6643058770749,727.2000084061553,719.1541425536528,723.396484375,409412,0.0,0.0
2023-11-09 00:00:00+05:30,720.8121194267216,723.5916364138054,712.1811224443213,717.1549072265625,399667,0.0,0.0
2023-11-10 00:00:00+05:30,717.1548520488965,720.7145621264771,708.0362274747257,718.6177368164062,488913,0.0,0.0
2023-11-13 00:00:00+05:30,721.641115667734,724.3230712530404,712.5224309627293,719.3004760742188,679954,0.0,0.0
2023-11-15 00:00:00+05:30,721.689874513397,742.4140769909776,719.5930490409842,736.8551025390625,1248206,0.0,0.0
2023-11-16 00:00:00+05:30,739.4477321800372,742.138234027534,733.9689159400727,735.4364624023438,1304037,2.4,0.0
2023-11-17 00:00:00+05:30,735.436433116878,738.6650232623864,729.077065366937,734.4580688476562,563879,0.0,0.0
2023-11-20 00:00:00+05:30,734.4581066740038,741.7469327980207,729.370600269109,734.7026977539062,887881,0.0,0.0
2023-11-21 00:00:00+05:30,739.643414580508,750.3076093908626,731.7186875958498,733.1372680664062,1006393,0.0,0.0
2023-11-22 00:00:00+05:30,735.7299476256127,741.0620449602378,725.4082162873524,732.9905395507812,430759,0.0,0.0
2023-11-23 00:00:00+05:30,733.4307556417905,737.2952465087131,722.3262860033384,735.2896118164062,295661,0.0,0.0
2023-11-24 00:00:00+05:30,738.3716231096681,738.3716231096681,725.9463833122082,732.403564453125,749709,0.0,0.0
2023-11-28 00:00:00+05:30,734.7515563826054,752.3621129936398,731.8164636140996,750.2586059570312,845708,0.0,0.0
2023-11-29 00:00:00+05:30,754.3188930480391,754.3188930480391,744.6330623642982,751.5305786132812,964233,0.0,0.0
2023-11-30 00:00:00+05:30,749.5738289338949,761.0696094067978,742.6274066066043,759.210693359375,1424004,0.0,0.0
2023-12-01 00:00:00+05:30,758.2322986391839,770.9021277013036,753.8296594857951,768.1627197265625,1154908,0.0,0.0
2023-12-04 00:00:00+05:30,786.6049270435956,786.6049270435956,770.7554128393454,783.572021484375,1794043,0.0,0.0
2023-12-05 00:00:00+05:30,783.5719873274621,788.9529909470511,770.3151033656895,780.83251953125,1782971,0.0,0.0
2023-12-06 00:00:00+05:30,782.64250490925,789.3931825019039,770.3640453392943,781.615234375,1233932,0.0,0.0
2023-12-07 00:00:00+05:30,782.5937223418096,828.7235688510748,776.1364813501274,824.125244140625,3432629,0.0,0.0
2023-12-08 00:00:00+05:30,841.3932953547774,842.1270685774705,812.1401789908979,824.956787109375,1696687,0.0,0.0
2023-12-11 00:00:00+05:30,828.0875194252785,828.0875194252785,817.4722315565726,826.326416015625,765109,0.0,0.0
2023-12-12 00:00:00+05:30,831.6097295307716,849.0246036886089,828.6746363677217,837.1375122070312,1287959,0.0,0.0
2023-12-13 00:00:00+05:30,837.4308754069775,852.3509299286515,825.2991350576069,844.083740234375,3260734,0.0,0.0
2023-12-14 00:00:00+05:30,847.2145325463566,859.9821740405545,836.7460231492427,856.802490234375,1759665,0.0,0.0
2023-12-15 00:00:00+05:30,859.9822051187194,860.8627568596365,838.9473730253719,841.2954711914062,1476551,0.0,0.0
2023-12-18 00:00:00+05:30,841.8335484120181,854.7968749948707,833.7620431811853,850.5409545898438,1740503,0.0,0.0
2023-12-19 00:00:00+05:30,857.0470650276935,857.5362471424354,836.5014162085365,841.7846069335938,1608667,0.0,0.0
2023-12-20 00:00:00+05:30,851.0301308440846,856.9981886810767,804.3132372551277,812.6293334960938,1413534,0.0,0.0
2023-12-21 00:00:00+05:30,804.5577984226624,825.6415952923629,798.7365790420024,821.5813598632812,1066836,0.0,0.0
2023-12-22 00:00:00+05:30,817.8636844041176,823.4892793758885,806.4168096490685,814.3905029296875,1541803,0.0,0.0
2023-12-26 00:00:00+05:30,816.9341879681235,833.9577506212105,813.0207307802523,823.5381469726562,876297,0.0,0.0
2023-12-27 00:00:00+05:30,823.5381864278044,828.5767866844316,815.0264046934673,819.5269165039062,1122363,0.0,0.0
2023-12-28 00:00:00+05:30,823.2935781316219,842.8119583261511,819.8693029997613,838.3604125976562,1787246,0.0,0.0
2023-12-29 00:00:00+05:30,843.8881239916984,848.9267240761004,832.5880281495141,841.0509033203125,1071326,0.0,0.0
2024-01-01 00:00:00+05:30,841.393333659818,854.8947496291096,835.620960159327,842.5673828125,759906,0.0,0.0
2024-01-02 00:00:00+05:30,845.7959213127002,863.6021631779962,826.7178178244438,860.6181640625,1362479,0.0,0.0
2024-01-03 00:00:00+05:30,863.8467664073149,871.037720091334,850.4920698917165,863.0640869140625,1965216,0.0,0.0
2024-01-04 00:00:00+05:30,865.8524024481694,912.5203913366045,865.8524024481694,893.5401000976562,4075191,0.0,0.0
2024-01-05 00:00:00+05:30,899.3613214897837,900.2418731856274,867.1731143273389,876.5165405273438,983472,0.0,0.0
2024-01-08 00:00:00+05:30,879.4027005685257,879.4027005685257,849.2690929829463,851.9595947265625,1078181,0.0,0.0
2024-01-09 00:00:00+05:30,860.9605808449713,876.6144095876072,860.177901350763,866.7818603515625,1385563,0.0,0.0
2024-01-10 00:00:00+05:30,867.4667919713276,872.2118352768333,849.4159574138686,867.1243286132812,997946,0.0,0.0
2024-01-11 00:00:00+05:30,875.6360264337634,896.6708583536806,870.7442050570385,883.316162109375,1960470,0.0,0.0
2024-01-12 00:00:00+05:30,893.1977149952646,893.1977149952646,862.428145287955,870.4507446289062,1435565,0.0,0.0
2024-01-15 00:00:00+05:30,875.6360774152653,887.2296708672618,865.5100304617299,881.7508544921875,1027152,0.0,0.0
2024-01-16 00:00:00+05:30,884.3923515607266,884.3923515607266,854.3565579636565,863.6021118164062,1299501,0.0,0.0
2024-01-17 00:00:00+05:30,860.9606214665984,862.5749465176964,825.250322962586,831.7564697265625,1856770,0.0,0.0
2024-01-18 00:00:00+05:30,831.6096228705339,831.6096228705339,796.2906968909375,825.3970336914062,2296029,0.0,0.0
2024-01-19 00:00:00+05:30,831.6096179520548,848.8777709636112,822.4129700559154,840.1213989257812,1564164,0.0,0.0
2024-01-23 00:00:00+05:30,858.9548692150954,864.6293696842449,799.4703372521598,807.4439697265625,1482258,0.0,0.0
2024-01-24 00:00:00+05:30,810.0857328086723,825.1036026409543,798.9813206228092,822.9022827148438,1124950,0.0,0.0
2024-01-25 00:00:00+05:30,825.7395492627685,828.0386817048426,800.3998875500165,810.7216796875,1772063,0.0,0.0
2024-01-29 00:00:00+05:30,813.0207489031975,849.0734501642606,797.5626046094541,841.7357177734375,6047472,0.0,0.0
2024-01-30 00:00:00+05:30,849.2202198760707,875.1468740543147,836.5014838641018,846.7254028320312,6244159,0.0,0.0
2024-01-31 00:00:00+05:30,852.6445106183978,872.7009793133802,846.2851424955985,868.29833984375,2756554,0.0,0.0
2024-02-01 00:00:00+05:30,873.3859020222671,904.3021928294918,853.7207419741643,901.269287109375,4773808,0.0,0.0
2024-02-02 00:00:00+05:30,916.776173549159,917.6078189587048,895.3500331202279,900.1439819335938,3415920,0.0,0.0
2024-02-05 00:00:00+05:30,909.9276782779514,931.3049734275384,893.2954856713659,910.2701416015625,3238887,0.0,0.0
2024-02-06 00:00:00+05:30,915.6511730622263,920.1027186882231,900.0951567926796,915.50439453125,1185651,0.0,0.0
2024-02-07 00:00:00+05:30,921.645476871774,922.628041346051,902.0433036157538,906.46484375,1022135,4.0,0.0
2024-02-08 00:00:00+05:30,911.8197891149764,947.1921085202988,904.1557985713513,934.2713623046875,3711989,0.0,0.0
2024-02-09 00:00:00+05:30,944.2443851989725,954.610427589637,894.2318334201285,926.902099609375,2799376,0.0,0.0
2024-02-12 00:00:00+05:30,935.3522380955567,935.3522380955567,890.6946719479851,897.7200317382812,2251407,0.0,0.0
2024-02-13 00:00:00+05:30,898.9482358588143,917.371319225926,878.412614943884,909.1668701171875,1624595,0.0,0.0
2024-02-14 00:00:00+05:30,904.8436399119239,926.0670083699973,897.0813566491327,923.2667236328125,1538122,0.0,0.0
2024-02-15 00:00:00+05:30,932.4536039528722,944.8830674460064,917.715138136968,938.4963989257812,1713175,0.0,0.0
2024-02-16 00:00:00+05:30,940.3141963929392,969.7911304491441,934.6153344696014,963.69921875,3576995,0.0,0.0
2024-02-19 00:00:00+05:30,967.5803485465386,997.4994482414111,949.599430986632,992.6357421875,3354158,0.0,0.0
2024-02-20 00:00:00+05:30,984.0382303333009,996.0746440343323,972.7387399200878,982.3678588867188,3193542,0.0,0.0
2024-02-21 00:00:00+05:30,986.4946571010671,1009.732329137703,968.9067303615738,974.6056518554688,3854456,0.0,0.0
2024-02-22 00:00:00+05:30,985.26654161394,1006.1460370108946,968.5138290661083,996.025634765625,2872499,0.0,0.0
2024-02-23 00:00:00+05:30,1003.6895293263005,1003.6895293263005,983.7926003308453,987.4281005859375,1290598,0.0,0.0
2024-02-26 00:00:00+05:30,987.4282615543726,987.7721351602347,961.6850582188395,969.84033203125,3999562,0.0,0.0
2024-02-27 00:00:00+05:30,969.8401501312071,980.9922917215326,948.3711426192252,955.1016845703125,1540090,0.0,0.0
2024-02-28 00:00:00+05:30,963.109680447528,968.7594260031357,934.6153115583761,940.559814453125,1761906,0.0,0.0
2024-02-29 00:00:00+05:30,935.597884293964,968.4646772463896,928.5234082370107,960.3585205078125,3664111,0.0,0.0
2024-03-01 00:00:00+05:30,966.6468768353262,971.6579914243655,955.3965020874234,960.9971313476562,627986,0.0,0.0
2024-03-04 00:00:00+05:30,960.0144998867262,973.4756436682069,955.0525618425406,968.9558715820312,1935494,0.0,0.0
2024-03-05 00:00:00+05:30,966.9416215854853,968.0224784299036,949.3046382259655,951.0732421875,1258586,0.0,0.0
2024-03-06 00:00:00+05:30,948.1746798261067,958.0003241766364,932.7484062015805,954.7578735351562,1005912,0.0,0.0
2024-03-07 00:00:00+05:30,955.1017071194515,958.6880911456619,942.3283699984419,947.8798828125,763240,0.0,0.0
2024-03-11 00:00:00+05:30,947.8799625951528,954.6596215012854,934.1731761520269,939.0859985351562,1674256,0.0,0.0
2024-03-12 00:00:00+05:30,938.34906533731,947.192145534206,905.6296806029894,908.8721313476562,817033,0.0,0.0
2024-03-13 00:00:00+05:30,902.092395246449,912.5076143723616,838.2257061600046,847.4127197265625,3796016,0.0,0.0
2024-03-14 00:00:00+05:30,847.4126683275576,904.9418012441622,840.0434354184032,852.8167724609375,1997066,0.0,0.0
2024-03-15 00:00:00+05:30,852.9150375516178,857.1892287850793,830.2669395382887,850.6551513671875,2284557,0.0,0.0
2024-03-18 00:00:00+05:30,853.7011110698627,864.0672141480583,834.6393964394192,839.994384765625,1604337,0.0,0.0
2024-03-19 00:00:00+05:30,839.110027444171,842.9420527288512,813.1703023731982,817.1988525390625,1306629,0.0,0.0
2024-03-20 00:00:00+05:30,820.9816856802613,828.5965599032007,805.1624225732536,824.9610595703125,1182471,0.0,0.0
2024-03-21 00:00:00+05:30,836.1622787222235,862.2493507469192,831.5442141898458,857.9752197265625,2443904,0.0,0.0
2024-03-22 00:00:00+05:30,857.9752870250429,865.5901614884981,849.5251967991402,852.9641723632812,999736,0.0,0.0
2024-03-26 00:00:00+05:30,852.9641552896668,865.098861948537,847.7074595923775,852.9150390625,950457,0.0,0.0
2024-03-27 00:00:00+05:30,854.8310840448171,871.5346799399457,847.1670932165414,851.0973510742188,1643044,0.0,0.0
2024-03-28 00:00:00+05:30,853.8485222378737,876.1527476438063,849.5252145925828,866.7200927734375,1661176,0.0,0.0
2024-04-01 00:00:00+05:30,878.4126418978595,893.0528765845477,872.2716139203857,886.518798828125,2133855,0.0,0.0
2024-04-02 00:00:00+05:30,888.2381722169772,906.1208553774861,881.4584542149868,901.1097412109375,1302199,0.0,0.0
2024-04-03 00:00:00+05:30,901.1098124718535,909.0686203171874,893.7897554637573,898.0147705078125,689633,0.0,0.0
2024-04-04 00:00:00+05:30,903.9592919935425,909.952911136849,894.1336475153519,897.7200317382812,716188,0.0,0.0
2024-04-05 00:00:00+05:30,897.7200571356784,925.7722609203427,889.6630164414254,917.2239379882812,1816263,0.0,0.0
2024-04-08 00:00:00+05:30,917.7151291245027,920.3680649395063,876.4474252452424,895.4600219726562,2331541,0.0,0.0
2024-04-09 00:00:00+05:30,905.1874907975176,917.5677787592487,898.6042970520681,908.2825927734375,1117137,0.0,0.0
2024-04-10 00:00:00+05:30,911.5250579749134,957.7547036431015,909.510812833978,953.7753295898438,4586719,0.0,0.0
2024-04-12 00:00:00+05:30,952.1049970375258,957.9512677854605,927.7374095203377,930.2920532226562,997938,0.0,0.0
2024-04-15 00:00:00+05:30,917.8133885016287,937.2190355380036,906.1700242681925,912.7041015625,2887446,0.0,0.0
2024-04-16 00:00:00+05:30,903.9592346899639,943.1635776611017,901.1097739835311,930.341064453125,2600963,0.0,0.0
2024-04-18 00:00:00+05:30,938.0543201455437,938.2999612653068,903.9593207282293,908.0369873046875,1614368,0.0,0.0
2024-04-19 00:00:00+05:30,900.0290192426859,917.6660627820839,882.6867330385395,910.6898193359375,1884184,0.0,0.0
2024-04-22 00:00:00+05:30,923.5123369817046,931.8641346840593,913.2445266357914,929.2603149414062,1124453,0.0,0.0
2024-04-23 00:00:00+05:30,929.5059390133691,941.7388780062068,923.5614362813154,931.81494140625,1271123,0.0,0.0
2024-04-24 00:00:00+05:30,931.3237138170448,959.3759775603977,931.2745975874808,956.0843505859375,2166181,0.0,0.0
2024-04-25 00:00:00+05:30,964.485194527253,994.3551763832818,951.3188675023895,987.2807006835938,3929729,0.0,0.0
2024-04-26 00:00:00+05:30,992.340817047904,1060.1868693033855,988.6562009590368,1049.378662109375,7642272,0.0,0.0
2024-04-29 00:00:00+05:30,1064.1173446256848,1064.9525004553288,1018.3298632959252,1031.2506103515625,3847372,0.0,0.0
2024-04-30 00:00:00+05:30,1039.553228593522,1041.4201251096329,1006.4899095747228,1010.0762939453125,2814829,0.0,0.0
2024-05-02 00:00:00+05:30,1015.7258852160244,1037.1458357782492,1010.6656548829093,1032.183837890625,1530017,0.0,0.0
2024-05-03 00:00:00+05:30,1042.6973931380728,1055.0286255155252,1029.7767659945198,1040.9779052734375,2723333,0.0,0.0
2024-05-06 00:00:00+05:30,1050.3615409155789,1050.3615409155789,1009.8307518016709,1014.3505249023438,1290298,0.0,0.0
2024-05-07 00:00:00+05:30,1014.9890991640616,1015.7260225177625,967.8260045272029,984.8734741210938,2022960,0.0,0.0
2024-05-08 00:00:00+05:30,987.428092694405,1014.0064473681452,983.0556691781292,1001.2822265625,1361317,0.0,0.0
2024-05-09 00:00:00+05:30,1000.004893872393,1009.0936143521961,970.7244874559781,973.3282470703125,839141,0.0,0.0
2024-05-10 00:00:00+05:30,980.5993188677627,995.3377855842119,960.9971461406901,984.283935546875,1407788,0.0,0.0
2024-05-13 00:00:00+05:30,991.8988621509687,1000.938467539705,975.7847803723092,995.5343627929688,2352890,0.0,0.0
2024-05-14 00:00:00+05:30,1003.1000430875029,1016.9541774586959,987.4772447787337,1009.19189453125,1129308,0.0,0.0
2024-05-15 00:00:00+05:30,1011.9430959333447,1020.4913582060298,1003.4930061409486,1009.2901000976562,1057905,0.0,0.0
2024-05-16 00:00:00+05:30,1014.0064655804482,1023.8321096267704,1001.2822445462666,1018.3297729492188,1069653,0.0,0.0
2024-05-17 00:00:00+05:30,1016.9542708830005,1096.5911726327952,981.2380748263706,1068.0968017578125,12366085,0.0,0.0
2024-05-21 00:00:00+05:30,1098.5071558749262,1099.6861853463083,1058.713291999314,1074.7781982421875,3637937,0.0,0.0
2024-05-22 00:00:00+05:30,1076.8905991420097,1080.820856803112,1051.3931005423872,1062.938232421875,1796314,0.0,0.0
2024-05-23 00:00:00+05:30,1065.0505430627788,1093.8397255175805,1057.779663073069,1086.5687255859375,3765254,0.0,0.0
2024-05-24 00:00:00+05:30,1090.4991671996124,1100.373988228103,1076.8414969008977,1083.6212158203125,2248991,0.0,0.0
2024-05-27 00:00:00+05:30,1093.9872669468677,1096.05062827392,1078.511877081055,1083.8177490234375,2770553,0.0,0.0
2024-05-28 00:00:00+05:30,1086.7163520459628,1091.9239919448464,1051.6388468870848,1061.857421875,2215982,0.0,0.0
2024-05-29 00:00:00+05:30,1058.1727592756897,1078.06968981737,1043.483468408119,1065.885986328125,1886810,0.0,0.0
2024-05-30 00:00:00+05:30,1059.2044879459509,1067.7527507717027,1044.9081270752804,1047.462890625,841185,0.0,0.0
2024-05-31 00:00:00+05:30,1054.2917766162634,1061.808419515294,1028.3029918889479,1056.1094970703125,2862392,0.0,0.0
2024-06-03 00:00:00+05:30,1102.4373719262296,1159.4261130774962,1085.7337753818927,1153.7763671875,7777140,0.0,0.0
2024-06-04 00:00:00+05:30,1159.4259575201745,1159.4259575201745,865.3444533399718,932.2079467773438,11525081,0.0,0.0
2024-06-05 00:00:00+05:30,961.9305856523722,987.379028607459,875.3175063777144,975.93212890625,9725718,0.0,0.0
2024-06-06 00:00:00+05:30,996.3202835115619,1055.568963732665,987.5754365219382,1034.3946533203125,4231087,0.0,0.0
2024-06-07 00:00:00+05:30,1038.5705291634388,1041.5182222452652,1022.3582172133946,1036.408935546875,1823209,0.0,0.0
2024-06-10 00:00:00+05:30,1042.893886811876,1055.1267657167193,1024.2251630567919,1036.5562744140625,3010024,0.0,0.0
2024-06-11 00:00:00+05:30,1046.971559939511,1077.3818805941878,1034.296455002955,1068.8336181640625,4660360,0.0,0.0
2024-06-12 00:00:00+05:30,1076.89067575735,1131.9142869274335,1070.6514152648472,1121.449951171875,7365867,0.0,0.0
2024-06-13 00:00:00+05:30,1132.2581650900902,1133.2899057804852,1106.9080732350476,1120.4183349609375,1696148,0.0,0.0
2024-06-14 00:00:00+05:30,1120.1234828759395,1126.6575605144394,1104.8937337666614,1119.97607421875,2423581,0.0,0.0
2024-06-18 00:00:00+05:30,1119.9761089756448,1124.9871638819477,1111.575254558537,1120.4183349609375,823281,0.0,0.0
2024-06-19 00:00:00+05:30,1120.1234569540734,1120.1234569540734,1081.803443953013,1083.8177490234375,2279630,0.0,0.0
2024-06-20 00:00:00+05:30,1080.8700407491285,1094.134660450439,1068.1457595149259,1076.8414306640625,1775105,0.0,0.0
2024-06-21 00:00:00+05:30,1078.855822644115,1096.4928074692107,1069.0301776291415,1071.879638671875,1650747,0.0,0.0
2024-06-24 00:00:00+05:30,1061.2187548818042,1062.643425320851,1021.2774870290667,1031.053955078125,5176051,0.0,0.0
2024-06-25 00:00:00+05:30,1041.4692140481698,1043.4343430863792,1030.022433354167,1033.068359375,1670151,0.0,0.0
2024-06-26 00:00:00+05:30,1033.0682851724566,1043.434268139275,1025.7972842649474,1029.039794921875,1596944,0.0,0.0
2024-06-27 00:00:00+05:30,1032.675232399511,1039.848000829684,1011.4026881623587,1029.7275390625,1175750,0.0,0.0
2024-06-28 00:00:00+05:30,1026.8782181850954,1036.1143492220301,1016.6595225685288,1024.225341796875,1250197,0.0,0.0
2024-07-01 00:00:00+05:30,1020.9335926098829,1027.467549947132,1012.7290838776488,1018.3297729492188,1207666,0.0,0.0
2024-07-02 00:00:00+05:30,1017.0033631160161,1023.3900319227453,999.2680271451661,1009.3884887695312,1921959,0.0,0.0
2024-07-03 00:00:00+05:30,1012.041369486743,1016.9541916687175,998.0889424957406,1004.7212524414062,1809188,0.0,0.0
2024-07-04 00:00:00+05:30,1007.8162738298931,1028.0571967593853,1006.195138496542,1014.5469360351562,2949896,0.0,0.0
2024-07-05 00:00:00+05:30,1014.006512801228,1051.6387792278983,1009.2410992052323,1039.4549560546875,3546969,0.0,0.0
2024-07-08 00:00:00+05:30,1045.399551864533,1046.1364753100718,1015.7753253074474,1024.9622802734375,2604978,0.0,0.0
2024-07-09 00:00:00+05:30,1020.9335986861187,1037.39155256166,1000.7909683003044,1022.1618041992188,2654169,0.0,0.0
2024-07-10 00:00:00+05:30,1029.629143861433,1030.1694822559755,997.3027547200521,1025.797119140625,2061836,0.0,0.0
2024-07-11 00:00:00+05:30,1035.5247118272823,1049.378846770981,1021.9162179994009,1040.5357666015625,2250522,0.0,0.0
2024-07-12 00:00:00+05:30,1048.1998917193885,1048.3471804457622,1023.3901372626011,1039.0128173828125,2174424,0.0,0.0
2024-07-15 00:00:00+05:30,1044.1220884911131,1044.1220884911131,1025.1094912513197,1037.931884765625,3021990,0.0,0.0
2024-07-16 00:00:00+05:30,1052.326467875592,1056.256725458694,1027.0254346843722,1029.580078125,5977395,0.0,0.0
2024-07-18 00:00:00+05:30,1042.5007506555542,1044.4658793090048,1012.0412565270695,1021.5720825195312,5805768,0.0,0.0
2024-07-19 00:00:00+05:30,1018.9193394111899,1022.3583150022595,989.6389306585638,993.3235473632812,1911619,0.0,0.0
2024-07-22 00:00:00+05:30,986.4946043761332,1027.7131307555126,973.7703840884426,1020.9335327148438,2528388,0.0,0.0
2024-07-23 00:00:00+05:30,1036.556405345377,1036.6055815487746,971.4615650532229,1012.287109375,3998368,0.0,0.0
2024-07-24 00:00:00+05:30,1008.1603447942541,1020.2949922796664,1002.2157816420464,1006.4408569335938,1943815,0.0,0.0
2024-07-25 00:00:00+05:30,997.3028833322248,1011.05878517129,990.7688059702798,997.2046508789062,2277785,0.0,0.0
2024-07-26 00:00:00+05:30,998.2855000487131,1027.8116103054779,998.2855000487131,1021.81787109375,2483148,0.0,0.0
2024-07-29 00:00:00+05:30,1031.643515779269,1039.7006163865653,1019.0175863467674,1021.81787109375,2233424,0.0,0.0
2024-07-30 00:00:00+05:30,1021.8177073950948,1036.3105309844357,1019.9509311574715,1030.3660888671875,1740727,0.0,0.0
2024-07-31 00:00:00+05:30,1040.732164531755,1040.732164531755,1019.9018472279613,1022.30908203125,1158486,0.0,0.0
2024-08-01 00:00:00+05:30,1022.6041093583198,1026.7308327092337,1011.8941312099399,1019.9512329101562,1198855,0.0,0.0
2024-08-02 00:00:00+05:30,1011.206199177956,1021.6705342636284,1002.7561091637633,1012.1395874023438,1186188,0.0,0.0
2024-08-05 00:00:00+05:30,992.5376202626558,997.4012668872242,958.000451781821,961.1937866210938,3400489,0.0,0.0
2024-08-06 00:00:00+05:30,976.6690589963025,992.4392063551163,961.3410776322352,965.3695678710938,1774810,0.0,0.0
2024-08-07 00:00:00+05:30,983.4978614929789,990.6214534894485,974.8513066500794,987.1333618164062,1618060,0.0,0.0
2024-08-08 00:00:00+05:30,991.4075218117273,996.0255866825477,975.686490742364,980.451904296875,1329610,0.0,0.0
2024-08-09 00:00:00+05:30,983.5470330087065,987.526407112099,951.908445127518,963.69921875,3717978,0.0,0.0
2024-08-12 00:00:00+05:30,958.0003587629261,966.4012729917289,939.0859927052992,963.0114135742188,3086835,0.0,0.0
2024-08-13 00:00:00+05:30,967.7276930508272,968.7593736675738,937.3664293690391,940.0684814453125,1767025,0.0,0.0
2024-08-14 00:00:00+05:30,944.244423212656,946.2095520851069,925.7722238058124,934.8118286132812,1483608,0.0,0.0
2024-08-16 00:00:00+05:30,939.9297586020477,965.5194693074437,939.1423949024354,963.5018310546875,1098849,1.6,0.0
2024-08-19 00:00:00+05:30,974.1806204328675,974.1806204328675,944.309577382688,953.0198974609375,2316816,0.0,0.0
2024-08-20 00:00:00+05:30,956.6122357253244,967.3894521737321,948.78767802596,964.1414794921875,937965,0.0,0.0
2024-08-21 00:00:00+05:30,963.6002344338592,976.7396027788664,957.8917724894217,973.590087890625,1436705,0.0,0.0
2024-08-22 00:00:00+05:30,975.3617018072233,981.1686219416372,969.4563837337184,973.24560546875,1419281,0.0,0.0
2024-08-23 00:00:00+05:30,973.245533383939,983.6782972509479,970.3421336037783,974.7218627929688,1843828,0.0,0.0
2024-08-26 00:00:00+05:30,976.3458760539984,985.4499076603487,974.0329839449685,977.1332397460938,1634061,0.0,0.0
2024-08-27 00:00:00+05:30,977.1332658247292,979.8890688566119,967.5863231142779,969.4071655273438,1151524,0.0,0.0
2024-08-28 00:00:00+05:30,969.4563591573675,971.3264005287048,955.1851741748479,956.6123046875,1354925,0.0,0.0
2024-08-29 00:00:00+05:30,958.6298823054582,958.6298823054582,936.0912296269727,947.803466796875,1775884,0.0,0.0
2024-08-30 00:00:00+05:30,953.6596430283805,959.8602148164347,947.4590712403262,949.870361328125,1763647,0.0,0.0
2024-09-02 00:00:00+05:30,953.7088643908037,957.793400067924,943.1777018614584,946.917724609375,1766518,0.0,0.0
2024-09-03 00:00:00+05:30,948.2956191922224,964.0431333666651,946.0811250114414,959.5157470703125,1371843,0.0,0.0
2024-09-04 00:00:00+05:30,953.561181336931,958.6299365497466,940.1266191933712,949.9196166992188,2112938,0.0,0.0
2024-09-05 00:00:00+05:30,952.7246214857354,955.8249374129653,942.8824249827836,945.1461181640625,2366186,0.0,0.0
2024-09-06 00:00:00+05:30,947.0653389213861,947.0653389213861,924.4774863995862,927.774658203125,2648249,0.0,0.0
2024-09-09 00:00:00+05:30,927.1348758017249,935.9928523221236,916.8497688275291,932.0067749023438,2189268,0.0,0.0
2024-09-10 00:00:00+05:30,938.5026695882594,938.5026695882594,921.2296261130404,924.4775390625,1606961,0.0,0.0
2024-09-11 00:00:00+05:30,926.3475360179467,932.0559979083711,916.3084836881662,922.2630004882812,1634827,0.0,0.0
2024-09-12 00:00:00+05:30,926.5936073874309,938.9455520589212,923.2964354958057,936.2881469726562,1274303,0.0,0.0
2024-09-13 00:00:00+05:30,940.2250483795185,951.3467187501817,938.1090121105173,946.1795654296875,1726021,0.0,0.0
2024-09-16 00:00:00+05:30,949.7720123627784,950.657834123317,935.3531697006975,936.4850463867188,1006437,0.0,0.0
2024-09-17 00:00:00+05:30,938.457637605327,941.7123919388172,927.1645725434639,932.1947021484375,779425,2.0,0.0
2024-09-18 00:00:00+05:30,932.0466978996286,934.8576083059435,909.2139954536786,914.8358764648438,950529,0.0,0.0
2024-09-19 00:00:00+05:30,915.3290126042992,922.7262085364474,889.1922536440426,900.5839233398438,2683503,0.0,0.0
2024-09-20 00:00:00+05:30,893.5812667043585,893.5812667043585,869.9102397717927,880.7594604492188,4834345,0.0,0.0
2024-09-23 00:00:00+05:30,885.6908990458791,886.5292238130016,864.3869994956809,875.2855224609375,3669159,0.0,0.0
2024-09-24 00:00:00+05:30,875.285556287445,888.3539358708384,873.510241289408,881.0060424804688,1574531,0.0,0.0
2024-09-25 00:00:00+05:30,880.7594638295145,881.6964540222316,872.967726688227,877.1101684570312,1043855,0.0,0.0
2024-09-26 00:00:00+05:30,875.2855593432698,882.3868795587452,873.4115789396946,879.723876953125,923418,0.0,0.0
2024-09-27 00:00:00+05:30,879.773141718107,903.9373143325618,879.773141718107,898.75927734375,2453157,0.0,0.0
2024-09-30 00:00:00+05:30,898.7592944354453,911.2852247624829,893.5812573481629,905.712646484375,2175799,0.0,0.0
2024-10-01 00:00:00+05:30,910.3482696960552,914.2441383612223,902.5565323657212,909.0661010742188,1205512,0.0,0.0
2024-10-03 00:00:00+05:30,892.3483729761414,904.6277298553649,873.3622373809044,878.293701171875,1296415,0.0,0.0
2024-10-04 00:00:00+05:30,872.8691352335551,879.5759142894277,858.0747431109525,868.9732666015625,2388156,0.0,0.0
2024-10-07 00:00:00+05:30,873.7567993298015,877.5540024596824,846.2392066427732,856.3980102539062,2135446,0.0,0.0
2024-10-08 00:00:00+05:30,858.0747292895438,881.9430269025921,855.510392109012,879.477294921875,626929,0.0,0.0
2024-10-09 00:00:00+05:30,884.6553494037374,893.8771631127769,876.5184337080428,884.0635375976562,702284,0.0,0.0
2024-10-10 00:00:00+05:30,887.5648774156604,895.5045220815398,873.75677879725,875.9265747070312,1131722,0.0,0.0
2024-10-11 00:00:00+05:30,879.2307263681448,886.7758301498736,870.5513617898808,881.6471557617188,839159,0.0,0.0
2024-10-14 00:00:00+05:30,872.8691263622471,877.3074439539196,858.5678807890804,868.7266845703125,1415657,0.0,0.0
2024-10-15 00:00:00+05:30,872.22803155592,877.7020048674331,863.4993641756491,876.7650146484375,761379,0.0,0.0
2024-10-16 00:00:00+05:30,872.8691198968755,877.7512812512599,869.4663977287571,873.6581420898438,416589,0.0,0.0
2024-10-17 00:00:00+05:30,876.814267615375,876.814267615375,854.1295340325249,856.9898071289062,1052737,0.0,0.0
2024-10-18 00:00:00+05:30,852.206247029708,863.9924575485298,842.8364658120014,860.6390380859375,1432195,0.0,0.0
2024-10-21 00:00:00+05:30,861.0335576708826,863.9431332788926,833.5159662844626,838.5953979492188,1116638,0.0,0.0
2024-10-22 00:00:00+05:30,839.3351921443622,841.2584751883956,825.5270926261235,832.82568359375,1475743,0.0,0.0
2024-10-23 00:00:00+05:30,834.3544146850254,840.0255983427008,805.8012257949347,808.6614990234375,1729635,0.0,0.0
2024-10-24 00:00:00+05:30,813.6915721307982,820.5956218337262,800.6231923359703,802.6450805664062,921067,0.0,0.0
2024-10-25 00:00:00+05:30,806.738175716459,808.5627932444814,769.8508023840224,784.3986206054688,1043417,0.0,0.0
2024-10-28 00:00:00+05:30,787.9986365187485,790.1684926962035,768.075510123354,770.048095703125,1753958,0.0,0.0
2024-10-29 00:00:00+05:30,776.1137821354497,800.8697058603407,771.6754648000168,797.9108276367188,1141795,0.0,0.0
2024-10-30 00:00:00+05:30,792.9301280872301,832.6777168643835,790.3164280235802,823.9983520507812,2829127,0.0,0.0
2024-10-31 00:00:00+05:30,824.491458093086,841.3077378832854,824.491458093086,835.4885864257812,1876152,0.0,0.0
2024-11-01 00:00:00+05:30,835.4886052560083,839.3351712483111,828.4859504683683,833.6146850585938,181775,0.0,0.0
2024-11-04 00:00:00+05:30,833.6146958058773,833.6639984067148,818.6230330406073,826.7599487304688,1332843,0.0,0.0
2024-11-05 00:00:00+05:30,819.2147594767952,828.4859356937338,798.9464548754231,825.3790893554688,2040055,0.0,0.0
2024-11-06 00:00:00+05:30,827.4995782747694,849.0500497678294,820.694134540893,846.6829833984375,1067959,0.0,0.0
2024-11-07 00:00:00+05:30,851.811752767626,856.1021021262886,835.1926839056176,837.115966796875,765172,0.0,0.0
2024-11-08 00:00:00+05:30,840.8145790145588,840.8145790145588,810.7326497946831,816.0586547851562,1154194,0.0,0.0
2024-11-11 00:00:00+05:30,816.0586820767695,820.1517610539612,801.9053443595558,818.5244140625,743364,0.0,0.0
2024-11-12 00:00:00+05:30,818.573762362314,825.3791469037441,794.9520365805419,798.650634765625,622501,0.0,0.0
2024-11-13 00:00:00+05:30,793.9657026857935,802.8423378711005,774.7822957178397,781.4890747070312,724162,0.0,0.0
2024-11-14 00:00:00+05:30,784.3611174253754,787.8768653952483,769.0106157585908,778.0723876953125,656637,3.25,0.0
2024-11-18 00:00:00+05:30,782.0337827762065,784.6581870329685,774.80414353983,778.2703857421875,703483,0.0,0.0
2024-11-19 00:00:00+05:30,787.8273472920974,802.3855768612074,772.7739402576877,778.17138671875,2035040,0.0,0.0
2024-11-21 00:00:00+05:30,778.1713997879168,778.1713997879168,749.9462837917913,762.5238037109375,913632,0.0,0.0
2024-11-22 00:00:00+05:30,763.0684657154054,784.1630134181147,758.9089629629002,780.7462768554688,476991,0.0,0.0
2024-11-25 00:00:00+05:30,798.3250692211171,806.9906746884877,787.6787539326333,799.364990234375,1141288,0.0,0.0
2024-11-26 00:00:00+05:30,799.3650208557491,804.9604900468604,789.9070827404535,791.5906982421875,447682,0.0,0.0
2024-11-27 00:00:00+05:30,796.6910529073173,808.080134850766,791.5907007279678,801.09814453125,1418241,0.0,0.0
2024-11-28 00:00:00+05:30,806.8421729404143,817.5379940869034,802.2369983408653,813.2794799804688,2046145,0.0,0.0
2024-11-29 00:00:00+05:30,813.2794722241654,822.9354326921574,813.2794722241654,820.3604736328125,1309486,0.0,0.0
2024-12-02 00:00:00+05:30,820.3604794647567,828.8280624463657,814.121255514993,827.8377075195312,886819,0.0,0.0
2024-12-03 00:00:00+05:30,831.7991388581152,837.3451023473517,828.0357417263456,831.7495727539062,858817,0.0,0.0
2024-12-04 00:00:00+05:30,836.7509326390837,841.7027074553962,827.788171864382,836.107177734375,1294358,0.0,0.0
2024-12-05 00:00:00+05:30,841.7026630169021,843.6338067361315,831.4029477641673,838.9791870117188,914474,0.0,0.0
2024-12-06 00:00:00+05:30,842.7920348558856,843.5348010440665,833.7302631814922,834.918701171875,599505,0.0,0.0
2024-12-09 00:00:00+05:30,836.3546843292356,857.6473139480379,832.2446874567881,849.823486328125,1577304,0.0,0.0
2024-12-10 00:00:00+05:30,855.6171444310525,855.6171444310525,840.8113263014682,843.435791015625,1655543,0.0,0.0
2024-12-11 00:00:00+05:30,843.5843510788408,851.0120133513942,842.1483242835197,848.0904541015625,723220,0.0,0.0
2024-12-12 00:00:00+05:30,835.859515215341,837.8402249670361,809.7141223143796,816.6466064453125,1928143,0.0,0.0
2024-12-13 00:00:00+05:30,815.0620705109661,821.3507998533333,804.9109329377736,817.5874633789062,1334630,0.0,0.0
2024-12-16 00:00:00+05:30,820.9052211874991,820.9052211874991,807.1392635568384,810.8035888671875,954537,0.0,0.0
2024-12-17 00:00:00+05:30,811.9920633546419,816.0029888902569,797.2357501362645,798.4736938476562,748810,0.0,0.0
2024-12-18 00:00:00+05:30,798.3251232695444,802.5341319243695,786.837029707904,790.8974609375,492984,0.0,0.0
2024-12-19 00:00:00+05:30,782.3803935699833,789.164300652098,772.4768442842874,781.1919555664062,595885,0.0,0.0
2024-12-20 00:00:00+05:30,782.4298480977207,787.3321167630854,757.6709765013973,760.5430297851562,885877,0.0,0.0
2024-12-23 00:00:00+05:30,768.5649051321421,772.7244077856128,761.6324208585128,768.8619995117188,506816,0.0,0.0
2024-12-24 00:00:00+05:30,770.4961084924029,777.3790871035754,764.9005791557419,768.3668212890625,287631,0.0,0.0
2024-12-26 00:00:00+05:30,768.5153994766237,773.4671739577874,762.8208588232852,768.8619995117188,740735,0.0,0.0
2024-12-27 00:00:00+05:30,773.4671499871492,780.201550983532,770.4960853905277,776.5867919921875,729821,0.0,0.0
2024-12-30 00:00:00+05:30,777.5276157251074,781.8852015080454,764.1578244390292,771.7835693359375,1350115,0.0,0.0
2024-12-31 00:00:00+05:30,771.7835585169191,784.707677822995,765.5443347601721,780.399658203125,559314,0.0,0.0
